0.5055779660415193,145.90766191168618,nan
0.7726970160141539,-50.4460197388471,1.382925119445237
0.0037275866270284896,137.02557761438948,1.340788689813433
0.3941713845132114,-55.96475409890738,1.0293240059067221
0.7632104194993224,181.8353288599375,nan
0.13504174645702538,184.64294278202146,nan
0.24167776917421652,67.96361546229815,1.2092995317273696
0.5535622692094301,186.954622134867,nan
0.26999648507897367,251.02607468772976,nan
0.4054874725899872,269.673924840969,1.51732924844999
0.0025922374642908808,115.44234816809936,1.2291336999182911
0.5472164140742427,-37.01599418257191,0.854417973921902
0.9212938016855503,210.38922626956392,nan
0.5725202673398021,-6.902311366689915,1.4037900588817456
0.3345742548782818,200.7247956553524,0.9846607434460674
0.047921963108407684,203.8336969993333,nan
0.17090071469951235,105.33623773787161,0.8486127952999759
0.1474306485730609,-79.86045557829499,1.193092409244021
0.024877821099501235,198.32806893823243,1.5271942481569096
0.7583487270136609,-61.63748590991969,1.3124157239206262
0.19188007849177802,269.8344612285873,0.9748914843196295
0.2642221624984717,-19.691182920909725,nan
0.1666044654758953,226.41683426975902,nan
0.9385943933602909,235.42748398400744,0.9858600456302945
0.3410068789100087,1.5328756045086607,1.0313589548329563
0.48182524366708623,-60.63796819264022,1.2135366322507637
0.5178085151581447,-60.71884442389117,nan
0.17967750286486678,108.8913640916373,nan
0.1705086344649388,119.15753714594854,1.5551591998692538
0.24886823131687683,86.91108198347621,nan
0.1360396047943125,-37.171719289913,0.8593166503771069
0.08104088730630155,239.72827656703302,0.8722972934830466
0.6602166347825709,184.0314614941754,0.9133693338502581
0.4442627259818921,-17.02148354273612,1.2178292002471873
0.530745621245969,203.9642392532758,1.2867812292072338
0.33184128447894273,42.91624899348034,1.1903332207931456
0.2009791668965645,105.75965541134399,nan
0.595296375224698,-77.18229978611973,1.3604806121359165
0.8035459350279562,69.07144447088756,nan
0.4765440452082288,251.91825318826838,1.1932845657671831
0.6115808453694088,214.30901500562828,nan
0.21533797701268675,156.69307498722407,1.1685573204673516
0.34315510832170193,198.71215846869254,1.1772606726621553
0.04558587870734382,260.1689550361665,nan
0.7617934231996497,178.08884382108258,nan
0.876987180306379,-82.89625567482736,nan
0.22360203132385675,172.92452926265238,0.9803509650648997
0.20435602023222108,198.46925671900033,nan
0.199602315357561,190.33126820456852,nan
0.24300605887972493,42.464689062100476,1.1727176168641322
0.28216127117268713,191.8469400614699,1.1498832847817289
0.2234284997484004,66.30323494018886,nan
0.3890847244603043,177.86223711275522,1.4755562169765273
0.27406717685761695,-6.814016965145896,nan
0.17349988716388107,168.22784515028047,0.8227167125212012
0.43718534098973705,174.0659838780618,1.031364517118968
0.2424552342232601,23.109478178399627,1.3256273256118698
0.8728114419983622,221.50392533820286,1.192445507446761
0.6940915637448417,2.5671702445089295,0.863299848972533
0.052321577135744424,185.8450844855175,1.2141743604027657
0.2064347568363491,-76.07658640331012,nan
0.1302110846296891,199.10089649924774,1.0366632884178695
0.010044256752385426,-44.53054848085608,1.7317656203663263
0.16059675593227457,144.89257977276145,nan
0.13205025610465487,16.674975908808747,nan
0.19461634009056375,-52.20723428380709,1.2845328337660191
0.8600746717881607,237.7782040412107,1.2588249489919194
0.4454602507217302,25.53979354217385,0.9862329792449329
0.3002568595384389,152.71971347583093,nan
0.5302619025810675,-42.130864663732474,nan
0.36578409319693306,-36.552117250020444,1.1928110928956106
0.4467755335684611,251.41041190074637,nan
0.6432950968754265,207.86245528353305,nan
0.6160638149964448,-61.67295725988146,1.4853433696361635
0.11814658313225393,265.8279555356764,1.3268712172622055
0.5204313429148143,141.76547428815067,0.8777535033867477
0.26467826205255596,18.495380197278763,nan
0.6972806941687353,-15.380882971438306,1.3396573498695123
0.19814134798120936,54.5349206717121,1.1082001084814392
0.05828238663663793,127.89736296524208,nan
0.4379835845948054,-38.87621015468669,0.8618486355637804
0.0657528892768113,24.824932589927844,1.0154214443623006
0.535217259279208,258.171651508621,1.365588889637571
0.6711876857050613,-37.6264052102257,1.0747654389439543
0.40284507329906577,202.3046306909443,0.8619104644899248
0.4105297382173263,-19.39215731077158,nan
0.09828722792099653,255.62592964090584,nan
0.09228705263140358,137.80592765337917,1.1302354403755794
0.03206206264944967,25.620191168874875,1.0700203804958406
0.5094670559471481,120.59402374507323,1.2534217058863664
0.6509268425114012,-78.91051043535083,nan
0.022839677489245203,75.00165164712953,nan
0.15117882636291635,1.178952953163929,1.5735125694136052
0.20919332016279,213.67250339007342,nan
0.08651972856242504,31.144806633485537,0.9296440225701397
0.08587837851980762,184.2545329946079,0.8180190344368148
0.10054192828672298,88.25805719310665,0.9409799510926201
0.038655797270432835,131.5759731151595,1.3120137316332559
0.5894028095348733,218.47685311006467,1.5115478609211335
0.4715963603630562,-61.891320328297354,1.3287000607334818
0.03789612703146124,70.02831398226698,nan
0.2769676362326451,111.01988967342757,1.3625903458318167
0.33076211292060465,-88.30640776318921,nan
0.40021183035627955,122.16273771254313,1.0492462402232596
0.10117787432150516,167.89262869152475,nan
0.9128397889711407,-66.47047897551428,1.1447179170479806
0.8266666199923756,269.69018701111787,1.1084654016392124
0.4840170627028777,254.82044725685495,nan
0.030684571629373603,193.17309145968358,nan
0.807813893920966,-59.94634031633473,nan
0.11863363282477121,91.03311163476492,1.0068622977513395
0.045053356416863144,211.72767793403207,nan
0.6324536928080668,-71.18689952978245,nan
0.21385498823857377,113.76960826116775,1.2183435061398102
0.36853282532459036,59.789426969588504,1.0148958231959122
0.524228277165727,122.37198167495605,nan
0.3704602665323461,-31.387569486847127,1.710775513542963
0.5714124407360064,-75.82359514863484,nan
0.4310258712380855,147.74775855296087,0.9033784243280856
0.08147186013654771,181.45021802333994,0.9586065716553045
0.055720129196176874,58.40607948160849,1.116870067518128
0.7389956798251784,248.87201392514834,1.2273394085825517
0.6358408496825307,-44.76749374569539,0.9037917514961455
0.11077042044740293,42.73091827658111,1.2095093640538737
0.1667077760593924,-78.63333244088443,nan
0.21036992083767192,260.4419384389182,0.9415384455301431
0.5700571724816087,18.013131072005905,1.6003790873999229
0.13893531911492313,101.7790861849406,nan
0.2511332782237453,3.3063363677692763,nan
0.05985849877345861,39.05840571787006,1.44880370240231
0.3706446973779251,241.61491667637534,1.2210192111775053
0.3930769938180802,-2.3813066992769905,1.0367745435977531
0.004551342629851742,88.86400242586538,nan
0.16056260586092513,6.157765924225629,nan
0.2732450313973847,127.90448443407074,1.335609839786029
0.2657091667858461,259.1877724238554,nan
0.21735286352878727,126.63498121861689,nan
0.9863810765043811,-66.95196229220727,1.4469563437548527
0.23618549738889555,267.8135675986781,1.168937317050604
0.17428671190409595,243.82156645844287,0.8292391766752654
0.09916766778736213,84.27204189083514,nan
0.5144671890130285,-4.9130190097192745,1.330615107811631
0.2146857504899952,30.866605508871572,0.9047460242985766
0.13002947906408424,20.825659016453365,nan
0.25244223644199304,-0.3337076751865169,0.9031246873514773
0.8973288445541188,-45.58528227479597,1.1877639240217195
0.7369148421854678,55.67561280596996,1.375847849736031
0.4044813541617264,230.2872047065628,1.0445985167830911
0.5526299486356083,-32.469009089966335,0.9510970713741335
0.7379743966575794,-21.367346037058986,nan
0.1668811468298508,2.919560529248159,nan
0.17866708930961966,26.261582785896053,0.992818078511946
0.0870326711618046,33.56073575540766,1.012405850675859
0.6720929119247109,198.66733287917722,1.2831097790627952
0.7834589681473343,-20.697995929384433,nan
0.35318233833224866,76.7789936313681,nan
0.05772290930810686,-52.43017291930326,1.550455529729122
0.4398988646988082,228.9376816019746,nan
0.8861957671012011,-50.24956015005221,0.8563822451704454
0.3506395113238701,215.20767661230894,0.869095068307814
0.0273636786354865,141.0213984891197,0.807771905990666
0.33070471954132663,32.209921359101706,1.316547410017576
0.24071211230908235,105.75671170946266,1.4130800288891872
0.47119185247998274,26.74361883153026,1.2149241835130826
0.528632739326997,43.89868775084604,nan
0.2736067440618159,-70.54626918524995,1.3433295289441827
0.36418777853877,164.09491583187489,nan
0.3164587698220843,255.56223485797705,1.0667792472117652
0.11323171094022016,158.8087817814714,nan
0.8400386179627597,11.053437653218698,1.0718394562500608
0.19750452042186947,98.66242025595834,1.1782259792844043
0.12149639209934826,178.63663698610097,nan
0.39687512545203374,0.36865308556477316,nan
0.572394335866026,-23.66257724957664,nan
0.11055080114939586,-61.66010547643074,0.9741958354155357
0.2881788870567227,5.573564849463125,nan
0.26495975889090545,50.14791289333131,nan
0.26620608800885015,86.0688498069563,1.204025038430728
0.9291938799312298,254.95117832297205,0.9439975092351605
0.7426212861643839,249.55802055160686,nan
0.8600987611264523,-17.768893060481737,1.5286808622416037
0.8218024788685148,-73.70516685421043,nan
0.5359946745788797,42.256509288306525,0.9304202085147051
0.43696896646497335,34.586030012546274,0.9449562219245357
0.5233626218458935,-46.5442167948207,1.1930822207470597
0.6833195389045632,38.06875286413545,1.3710588067230667
0.4717076077865812,21.640726024322415,0.9849720500442024
0.4840318068184036,234.9856392545508,1.2637739225155629
0.028025002421471656,14.285923608334429,nan
0.471434126826598,208.8595206854632,0.9632543292964957
0.9125344920893548,-80.34809239271618,1.5538745195550003
0.8315293337794255,-60.55584034375596,nan
0.23179863862273764,266.4166378161523,nan
0.3785051011858367,176.9027856892495,1.2540195760895492
0.5501774505819321,-40.01298117119198,1.3491149404060314
0.05344098591531404,-52.26282497932837,0.9759644999639103
0.6748548497156794,30.646301682105786,nan
0.17054410938052653,-73.57008325017298,nan
0.42462777403171625,106.50338345887587,1.2828359013432056
0.34287455350915796,14.02375852195826,nan
0.1261704574334318,171.03049907690763,nan
0.4989114797134592,246.512102455307,1.342475179843816
0.15279264809100637,124.30459034762757,1.2097509207426074
0.1944968314007931,137.343219714633,0.9292398675359493
0.3200803467904839,65.81994601649802,nan
0.31631908104004397,-16.44951794747991,1.1950818905404048
0.5278958056648357,184.30579727631758,0.9118668569434734
0.35410005748978046,143.13027489967664,nan
0.11683613059400266,30.99260999636352,0.838935227716982
0.3185359777392641,-57.253556763649186,1.139393791228797
0.7904492480683681,225.13270850497625,1.3043897072209953
0.6479287992286707,202.7126978186913,1.1390747443720515
0.5616255290461083,-41.95267582360904,0.9191015367184743
0.3605916868901119,-86.85186265337126,nan
0.18761311175868253,50.222860432715116,nan
0.5961281375196421,92.6629730427065,1.033809906258273
0.771833591560189,-38.45130508671786,0.9981423680366869
0.045089728227852344,244.6213937853764,1.2029881852268722
0.6223724589872052,-2.676644282128322,nan
0.30482523871581463,86.738384992205,nan
0.1854459896495901,-23.73030803871557,1.58512859334377
0.40259100895308436,38.78240399747535,nan
0.44678458957658596,79.04216414000118,0.8202542648320527
0.7106040134025378,-31.884613386958797,0.803744871797666
0.11699804210255127,261.07428140498314,0.970827800656973
0.5481378065038324,122.98866799277077,1.3250255940674585
0.0637205020785041,76.65735538007388,1.2202908758316402
0.07373323331633429,70.75053959920625,1.2023783028535753
0.35726723875212046,-12.48453347275835,nan
0.26124709996967876,-56.29066115474436,1.2211510987584624
0.7500306382980524,-22.13341705005425,nan
0.5853604633823597,131.80468464600574,1.1491342680302983
0.21317609671935323,43.97584666113446,nan
0.5176923119639758,-2.4052507292986043,1.0082977747589459
0.3285944030915436,13.769713018517024,1.049034433281492
0.4162759777438014,249.56151433137393,nan
0.17419884452472983,-81.03427442847172,nan
0.17308688101878317,112.50284609526148,nan
0.6653489353974917,158.45696313900945,1.0629583397798013
0.2232474273788272,58.624270890997444,nan
0.06513155545069355,88.65324217604265,nan
0.44903629589855004,-73.29125660631811,1.2003162098556548
0.5082268363682829,213.59551266812377,1.094591694405072
0.5515406041156422,164.56192806051178,nan
0.5108248897085783,-33.42630755121536,1.4210852968478829
0.2653625932022329,-44.41034556265854,nan
0.08815565931167277,184.28985465110537,0.812691052037643
0.6256020551852784,133.27929449486163,1.0439563910363219
0.6805028456290568,-20.45030859799801,1.2039959653346184
0.28748351326753524,229.07392518669616,1.274772504916088
0.7677537618610807,26.034939787253208,0.8140248733258655
0.461614256098431,121.14332916079364,1.1338561376256264
0.1406475834910629,13.845588189584383,nan
0.6206224032582769,-41.181054853208515,0.8906946307031084
0.09108938994987115,174.6331687887248,1.4742556814462344
0.47368319212931304,-1.3175307601518398,nan
0.1212244990976587,134.91879405088997,nan
0.2430796603621172,-0.11702667360128771,1.452880099141675
0.001241398226735635,208.52963517726573,1.1684866213707024
0.020711248725178863,97.61610032715026,1.0626845973723933
0.10113825595588954,-86.1157446849706,nan
0.7734628048469663,177.65223550600666,nan
0.5216375464071497,25.394444941585363,1.3487153694734122
0.3000616765593937,114.16318186211582,nan
0.4902499180175384,-49.13288398250184,nan
0.7270182641918045,-67.47660037278538,1.5604632596838202
0.043806762681046774,143.0834243644996,1.2245798588513706
0.046563773146790166,245.23850563502918,0.8530139503281654
0.2652668274268842,135.90290427651203,nan
0.02899989017192761,29.746669526590626,1.4533988108379634
0.5902397003251969,230.38198568691467,0.9615649249640064
0.23839164582060884,-65.60727442197319,nan
0.34214173372962764,19.0531336499684,0.8998061450765424
0.192070129283277,-71.05618231896973,1.177504048977531
0.715330888353516,248.17284354086206,1.3973678566404328
0.6278515430227518,199.38175006985915,1.15099343163725
0.41953216826164813,125.33809081096314,0.8861825043225876
0.7230029903619176,-17.06688705248924,nan
0.2869738319153728,160.40214891276707,nan
0.6824237084180412,256.8394079797918,0.9927897858687081
0.39476139659005266,48.98964996522102,1.0315304453655008
0.061634617672321895,206.10325029776584,1.3505597317538338
0.7652063302496774,-88.9908351325887,nan
0.40946463686047146,256.80492974861676,nan
0.056534035492194656,143.49075896135008,1.4828303039708053
0.493650017471895,106.57961945141355,nan
0.1225661236327842,258.8162503701211,0.858213796019132
0.7510605143656017,1.5704891396434846,0.7407722347075598
0.18032371776873726,-0.37382238161325176,1.0349060457777417
0.3715275990548679,242.0705313968806,1.2989376345584063
0.011396465334142944,210.7399188816134,1.292929728640104
0.22007592422555416,70.72535540539555,1.194620579239217
0.42203532610079364,-26.251307823339083,nan
0.5528991794499444,192.58597850204325,1.3426124610359453
0.2996087415625252,-59.31873713619106,nan
0.9348572103100283,211.77382230051853,1.198339937293268
0.4632669969476555,-16.66846354422966,nan
0.47894464025257166,10.619250874713465,1.0767264497872922
0.23657170675239197,161.53547630742952,1.1291873547586109
0.1087400248646807,197.13377123037367,nan
0.9155449053310962,-42.759565360143256,nan
0.19909574907713934,-21.740835654670718,nan
0.22129905383448656,-49.63883409067918,0.9239025920236047
0.3040153923009469,-37.89765692417441,nan
0.15214767876112784,-49.904755711542066,nan
0.15260122307621127,138.91065697748547,1.3152121550426514
0.5476713395725259,180.905056692955,1.189106359969024
0.27089999727129765,251.96395211339635,nan
0.520823764834433,46.843598303033794,1.4564960724932927
0.9213078803529452,-72.86598576759603,nan
0.11718043522809574,145.97362433797417,0.8905179008109072
0.6377234567395826,204.16431728618215,1.1151025721602914
0.06290271558148369,96.61071406744509,1.1676780755286784
0.7516435667559319,171.68135708908676,1.2105106346215067
0.9878510257911497,-73.81446367186521,0.9250778584767787
0.6185675616554018,236.33294303149114,1.2526323381938465
0.11300977509462187,132.19813355227876,nan
0.7296150734575141,39.20754780605466,0.787727372567534
0.08945575751567825,209.24026542483398,1.6170780717093527
0.6011887157573111,2.8629688971219593,nan
0.26456137350785347,-25.354213687581435,nan
0.4933880512850047,162.3405670906887,1.302809261494567
0.3936125999329057,35.456726761337855,1.3929865196962508
0.2568910741653494,16.26114375152619,1.0569068296421227
0.4986471432473257,56.76509446270791,nan
0.7509445039789897,177.45664859539627,nan
0.44845579254241397,-12.287708256397977,1.3038221920863287
0.6809454166599411,69.01741721947404,nan
0.5046805521770446,-43.879883585138835,nan
0.17725929482393551,-74.68829723008236,1.6055639918481242
0.3710641303368278,-59.48785097913275,1.1401218057857143
0.3280515386948617,63.960463176927206,0.8758257989814382
0.27131368837116976,95.08667282351395,nan
0.6495894398266728,-88.90173132138246,1.381179821136474
0.06039313125567153,-51.66652010983175,0.9708230666370178
0.8112319988642412,-55.23533439271063,nan
0.6572162411720881,62.99432166616445,0.9298704384513428
0.3384618680511523,118.51469936749854,1.1413885213269166
0.6077600069007305,231.92229815977254,1.4334841357650694
0.11485482911268033,124.48922783411099,0.9462778516247156
0.7079537968170444,-17.14088217949748,0.9831574239462003
0.7588378354130496,10.395445931303328,nan
0.2900319137669523,162.5948854027487,nan
0.6616817310706896,199.2328094203851,0.9338804371857705
0.1382380731406845,259.17191224313615,1.090841479871992
0.987114005462898,258.68232438602206,1.3518949817013377
0.5813308522279029,4.289757774908551,nan
0.3759064799570556,135.6631607109131,nan
0.20649007270729777,95.23766429253837,1.4616395953316885
0.7712486213276992,207.08472161587486,nan
0.6718562446120182,160.62419392443041,0.8889048888199981
0.22829958646168774,-89.2912329016573,0.8945746387716267
0.13311000117052096,-65.61996450557075,0.9721460785916625
0.28732212893525355,-32.15027107034974,1.4569424117753131
0.21571516599521748,150.9513899324515,1.3622783558045968
0.3278323198079456,59.230000944260695,1.2406230654389172
0.42580619774462347,253.28849097259382,nan
0.9046543435089218,184.33664912975502,1.2427716954999681
0.17229923046851303,219.96416165209328,nan
0.5290648001181957,-53.39506469080945,1.0246348978641902
0.5831767074657096,-89.28858547189517,nan
0.7516189366834304,-68.14633897878903,1.0619734294069936
0.3831816385853683,-9.970031935400131,1.2750378203129684
0.3932725837272552,47.01419479213528,nan
0.07147843432351264,151.54102019328874,nan
0.8740720036330947,-22.984712430389088,nan
0.018013035991217036,-32.19242931965767,0.9485046432113788
0.1781100846215103,147.0765838166704,nan
0.32362255340243135,47.13708478898175,nan
0.6343292883009495,238.0520104684243,1.1938985879353203
0.8167034175117103,215.30026797251432,0.9889095533212562
0.24634102757772533,170.47566017606857,nan
0.5440654878221023,-19.093465188420737,1.3857106688777892
0.7634845675231835,-41.326641548659694,nan
0.8742829184791975,-73.42083804661988,0.9307798581171612
0.5254120084458721,264.6129075895606,0.9625506122320776
0.03178915902232449,86.86589273532573,1.2113358106366154
0.8019631028026826,238.80918832000188,1.1441075779114498
0.2792725219875202,-7.144377861149593,0.9196515739888912
0.6662294463538819,-13.254490946768485,1.1605529203444143
0.034820271006425596,8.173787996071766,nan
0.7287021246197881,170.90138220497226,0.9488267794301484
0.8369754493219927,238.91768698323716,1.5006945266317873
0.1058529020504061,-87.72818439534701,nan
0.0855420594852572,-59.55554245766033,nan
0.0982610757662295,2.4871752783973875,1.263536968296723
0.4414907669530033,198.95379101992623,1.3473945537605154
0.4880788025906667,-60.05110668948481,1.1068182101142001
0.33238237558355743,167.01789874403846,nan
0.5253661044137212,232.72944196904842,nan
0.18563750955788766,-54.46018665859188,1.303476632807024
0.37156476238127273,69.9225348795359,nan
0.3504016793122289,107.69486421000505,nan
0.7007078137454518,-65.3834795387719,1.5305710115697506
0.633679660061447,-43.665029842269746,1.2646916760284184
0.14947990972728484,256.3075736768734,0.7782710121890162
0.13894819496916577,129.36303917252843,nan
0.7033304365769799,-44.38726738305472,1.3337307279880424
0.10656137832966084,-77.18484526793475,0.9634607477352706
0.5316491285149841,112.12961250177095,nan
0.4478071237813299,197.2010498078253,0.8014008103230073
0.39558947090649804,136.8733596915299,1.1578665208339414
0.9238775080112418,245.4308209352493,1.5393766793543013
0.6434487768110115,-9.939614918914902,1.0851874684635157
0.820391748676068,-77.94771867126761,1.0162722083516498
0.8670411762711419,-70.59874298609093,nan
0.6379387870306962,80.95608635281596,nan
0.680388718366119,241.870378376097,0.934806237355206
0.49609547011777044,231.31970217873229,1.0094536615780534
0.4278341786205696,21.890316982787567,1.2113794981720873
0.30283015021313664,155.55120415074938,nan
0.2074487891900889,-67.76438326540787,nan
0.08031716833901326,-49.10013378523303,1.5486423780033054
0.6351395662899193,114.80236367553601,nan
0.8057660015463477,235.36268222174317,0.9170722746600743
0.23973413217035863,64.02216321645095,0.7872212354065496
0.3083505942407696,-5.311399086394061,0.832838096977772
0.3750761474271362,24.087489692836073,1.2654103846302347
0.019175640492565815,210.0371151928046,1.3429415630521775
0.5535040171934053,-13.448259970171787,1.1342823087652145
0.9110049998012785,227.916481034124,0.9520769564083841
0.28673112859955696,234.1861062006905,1.3257187825111996
0.6303412282739682,-53.83583879841626,nan
0.10475125595526785,79.60979585832304,1.276256936889712
0.682399057755142,-5.544463166603652,nan
0.6777790164989356,-57.78579163656047,1.1816713582627496
0.249430299968164,208.81820776962684,1.2071978449720286
0.08460931664555994,208.6801995537221,nan
0.14778340554457092,211.55126780222568,nan
0.7398143501915992,4.491733900512056,nan
0.2964284711838867,-76.32309992115712,1.0028405809323984
0.596526518359502,5.083904825135107,nan
0.3287654548657305,261.73938664608204,nan
0.38391019327322573,139.36628303920992,1.266335443476065
0.5678715687280997,184.4130589874867,0.9610844885414395
0.8390569733525013,-89.32073019825849,nan
0.6848688691016811,-64.79196039172615,1.4282076876373366
0.8352073141548795,-40.06775383865395,nan
0.6533996721509534,-72.67381899956331,0.9693110653177459
0.5160333261765048,4.4384431507570525,0.9996087087482783
0.27322092464849507,109.83376075991107,1.2217033696562507
0.46891819850573846,238.61604975699152,1.2577092516558914
0.21429059594783412,149.65454771198304,0.9269581469205138
0.3984187812976704,65.0011700957472,1.102726493778476
0.18605446755663138,179.25570433364945,nan
0.6612393164832666,259.33661020543383,0.9409770098716692
0.5013442006730636,188.03133207612922,1.6166154212744126
0.0339772964584067,54.66205836600561,nan
0.11990858679063177,-17.928810983431347,nan
0.10622533097213283,72.97948106280256,1.2627470044581444
0.5561728364031875,157.53891561442072,1.3726053119947172
0.7575030561536469,-23.60229512018178,1.02388874574358
0.985993920767621,220.20475205762128,nan
0.2818931124111209,183.22376562083033,nan
0.408181907380087,20.14689724054224,1.320365956846058
0.33418603282711157,69.79904206899502,nan
0.4252154501488878,-61.7102796880277,nan
0.48889262730140404,-12.622001794278958,1.3723900386961732
0.2760978568037712,262.8090389568098,1.3338345274947077
0.2708335492022881,122.93468524256338,0.8573421815302398
0.3055279227451139,127.08879593700826,nan
0.4335164678190605,106.61264243336713,1.3079371631528929
0.29009421413760395,-2.373149901596065,1.0607645237131136
0.37812405829880713,-10.382953289065949,nan
0.7083980889104606,147.81182667589317,0.7986506360138257
0.7207678053073983,-76.16999560703265,1.1156222353193577
0.1968388527806944,264.2892688024268,1.470067440739697
0.7664956299364845,17.0500957883269,1.1444576777622675
0.9315346834088609,-35.49550223870389,1.0238081120190192
0.8833458007334474,-52.884523103435804,nan
0.8394717564406395,-54.09432442577468,nan
0.2766681059847946,140.87193456103805,1.0477499097034852
0.26543712914541884,-74.18894172623864,1.0689111438100336
0.6386123367335605,223.80335930299535,1.242121403364967
0.6726578835813828,-73.62151926279039,nan
0.5018735228354859,153.18127195705046,nan
0.2610494933845625,76.30990597725628,1.5293283892562208
0.8235732782759762,265.56906063006403,nan
0.8606875254395938,226.4470530113885,0.8748186382062021
0.30702715587450213,114.09921156291503,0.8703589753941116
0.09760744602548097,-61.200327210889796,0.865561543865216
0.33874329506569306,140.4396153398563,1.289519058522651
0.5977240607347364,205.9579765112603,1.3646997189086798
0.10765554179665543,-44.46378888852928,1.189700354708878
0.6021643715825499,193.01300988289103,0.9207599354862378
0.23854039601607457,254.96195956001668,1.2014376787157839
0.7558524526030854,-59.02476440864154,nan
0.13851917969336341,-3.3587242864489895,1.1398033198506985
0.522535178490708,-66.7135420071138,0.9292765371635856
0.5229619919406466,-30.94978772630712,1.1420875857219335
0.3017433516065159,217.2430435223497,1.273537645345485
0.2007543544385832,144.59170129202045,nan
0.721302774920295,-53.078162342138995,nan
0.5581945067913978,-53.49011898159074,nan
0.019831183938258112,143.32547130334652,0.8840881446319775
0.5636467695585168,-17.49714247218448,nan
0.27991985793366153,242.787964393643,nan
0.48743381505198485,16.756859068151584,1.4337994001724863
0.3613837140606652,109.50379218544995,1.0139142453890824
0.9406439554754863,-46.19139033876979,nan
0.722831295466642,-84.60938081665961,1.4868340904968527
0.7965111627708825,-15.934370307648436,nan
0.2821074952272675,172.86141668493724,0.8650695827498077
0.37328696956327045,250.00737488105455,0.9875311927501206
0.10736852077854653,-49.844837796447216,1.1951649600631389
0.5746172136399054,139.7510642636879,1.221503582211787
0.5712264245811949,-71.70665915546175,0.930542349974568
0.1913260179910851,258.9785205607384,1.1862785865999834
0.07729774613536605,16.427565323610963,nan
0.27757473173645847,158.28022109004894,0.9368833171225864
0.5335022841365615,223.71730052209017,1.8009582628246716
0.14443480361321115,171.18840126046575,nan
0.34344602062634294,-4.295561506728477,nan
0.24404447242342434,189.44746716065077,1.2655580720536004
0.5090726275679345,90.00865852400555,1.3035877003941794
0.3799806485132108,-79.50476248822943,1.024691692991211
0.6201314002651053,190.578396340848,nan
0.4246339968469606,219.93980567848337,nan
0.6773040328260631,-4.0464327255622266,1.458456430518292
0.48295092118328353,-30.961153881361707,nan
0.16907585956104954,-62.85639018274409,nan
0.15826499392152854,74.99453110910883,1.5931641862976178
0.30342064964539217,123.72915342508551,1.3930486599510907
0.2192604480073826,97.43150180909657,0.830424292758698
0.7239794005540623,-29.081778053303534,nan
0.1379701321210282,-36.64018231826378,1.4006466299129277
0.1050700766607631,87.0975835328548,1.0053366956542722
0.803888975678637,-50.51531802464128,nan
0.4215196721321387,159.98575468275965,0.9124316092046354
0.3268748264478395,-48.771521762517665,1.2821053079316163
0.3667341462558889,6.5358550039555325,1.4076328758791714
0.8942232895487976,-49.53906793150526,1.166911853659309
0.5601349557078784,38.85109554118691,0.9969912839026275
0.4078817530779438,-16.340681569503097,nan
0.5753805475118594,262.3423852241149,nan
0.3467147973838681,249.8687015584538,0.9482897592715368
0.09028366971538149,35.780725429932716,1.0646028888464003
0.8928278930239861,222.75792618310484,1.293949863776194
0.48172743427782133,42.797538823151626,nan
0.2457895898549784,158.3970223659441,nan
0.05772430756933877,1.4233945339230445,1.688595187676533
0.30496949307856336,256.42906667668365,nan
0.7825519190960623,193.82057740632004,0.855605437109181
0.17026062310673007,67.78957733136582,0.8083864857712828
0.19528797544746707,-25.300793576596867,0.8731101146432819
0.7171343924084144,211.18829075136142,1.290920819065941
0.7889792764960443,217.9432892274886,1.374482205199199
0.4315639810226245,56.34948299173783,1.2525842367781213
0.3126862383269632,-68.31317061744534,0.8916891886310571
0.3273563288723571,237.68201138855082,1.3705901338865478
0.5762861658100842,19.87964495764915,nan
0.5057270824133222,-13.418107871203944,1.1262182735451418
0.13985399123717412,269.4916651491518,0.9654480012956419
0.08375581085175843,254.5715866742443,1.1792343476569542
0.28249980737413927,216.50561651425977,1.2090818468726234
0.18083573813538772,-65.83515213109797,nan
0.2729866787909244,-30.748576399724833,nan
0.23316950697767366,133.24386113266442,nan
0.20539833706990077,197.1891965845904,1.0009937715454662
0.5714987523991544,-38.08835494110393,nan
0.4627627544544165,127.33352644677683,nan
0.5114784597986949,-45.785468519954435,1.552567846087656
0.28916181966007093,-36.22215883918278,1.0338176892591044
0.8798423910477066,-49.69143980001974,nan
0.6893143329976635,49.725548260468244,1.4975124968949263
0.11841249828645267,-38.973152767373534,nan
0.5416333444822468,234.60750199253,0.9156558891571154
0.1496245447866179,190.54337562134432,1.0955998233999447
0.10004816471384739,97.55128504533971,1.1749854850776138
0.7766307228824634,269.0086374560875,1.2433420100469734
0.5612183457311877,-11.573453508041624,0.8422644347355094
0.5168961009897995,140.62606511347127,1.3087228004989395
0.1474026768911277,55.158581865906996,nan
0.5030781585415276,232.14689742962952,0.9918249917143508
0.6058477807453017,151.65303129757353,1.7381371598576147
0.47804038601953713,188.03191482075744,nan
0.08864096443916641,-61.854326560027566,nan
0.8031459327734535,194.63193827838356,1.3089021581354219
0.719519125419726,188.82201676433775,1.3721407256086213
0.370713116251126,-83.64519565882935,0.970667599324717
0.34990929967087603,8.33490500828291,nan
0.13043072549998924,210.17923070961413,nan
0.512581686714386,162.49155451401467,1.3402214743306904
0.2856163441800743,-16.80969523343144,nan
0.49038261943821554,45.06786607734214,nan
0.38457214195682765,268.5361780905165,1.4440689998908485
0.4732513806196504,-28.285001157427843,1.3786182085579135
0.2937525237766206,-34.50759442844246,0.8997950152548296
0.03340088224552995,-68.53195172949725,nan
0.07854605391310196,268.2079273710136,1.3099953590570659
0.09183496889667207,39.01600757379454,0.8859893293498735
0.6236854832983499,-64.66104125362173,nan
0.23443451893788608,171.7363838510663,0.8912551481400229
0.6304633659335799,-16.043557919960563,1.230721348232791
0.10175494173077704,-2.2781117877675783,1.4766849173505214
0.9557788962160296,-35.16634075696709,1.0153005383446347
0.6760539272464214,199.63433735868674,1.1594332244073315
0.9610403703034461,222.8408621955521,nan
0.7370909387242965,37.04546112925958,nan
0.28970564580104585,80.37968697797544,0.9522366629542763
0.3763200771819506,189.5471408271727,1.0955267390729178
0.8584297027039827,232.25606835042257,1.18949632144712
0.7797631630977214,-33.74325425349616,nan
0.6364640852229193,199.37402216157406,nan
0.007538033563818765,3.631585255206346,1.6277178808541741
0.49081378248019525,213.68007036704725,nan
0.586983801700566,190.30972358039844,0.7729214216295923
0.28787556775014256,84.5870690957985,0.829129208218909
0.7721902637510943,-13.977540376713868,1.0263166042942602
0.8994313426561762,225.3199931513355,1.343843150832872
0.05055120774069749,-14.328360212177174,1.4710709657595122
0.521984563562026,112.08914790041837,1.3214220159280998
0.6529758168414714,-88.83591587223341,0.9618901652367359
0.17748979828397088,61.10900815361242,1.172499934674085
0.6927404443430596,250.27485433995037,nan
0.6174175169581777,-69.1303211570183,1.0886547440181649
0.4318481645894463,-14.056245909122424,0.876644877562367
0.543783438413644,207.93061203918717,1.1931994271932986
0.7986172177882044,-34.1383823088588,1.1544009533584
0.22250126006200616,-33.97324084656222,nan
0.44643023744338173,-59.458987661667884,nan
0.2605317837981492,154.57971811591003,nan
0.28850005538705414,217.66555766347037,0.9278958335868032
0.2369416774530499,94.61797999327828,nan
0.13490697267504465,221.41720142356056,nan
0.49972336058706973,-76.52108879670914,1.4152507892015842
0.34486072060720796,11.681634960896062,1.0778666714318375
0.764720166214572,16.141201648726906,nan
0.4767382931272096,85.20075935759353,1.5968919458256312
0.8224450219948338,214.5680280451681,nan
0.22708119498927037,47.826185408034576,0.9510910011721471
0.4275355980945575,-30.789197381323845,1.0808879002850136
0.26430950826039173,220.7333000510343,1.0942820416886667
0.8069517620146816,256.15490981834535,1.2580425344751267
0.47568736224970287,242.33184235666835,0.831339127925512
0.7597008682218065,174.7851436479766,1.2354052205994903
0.13707945846718997,63.35560927376018,nan
0.9716515150026619,250.76075416672361,1.0164754170858803
0.8401370675962962,-66.45310711813218,1.747344126384814
0.5513980256688343,-31.412497542383278,nan
0.6920735437761331,-81.99792549716042,nan
0.36713935366740424,101.36568764536152,1.3575610622520717
0.19587731128156863,-88.00518872069118,1.3093550310972968
0.351978337963022,135.2059883006927,0.9823002558414946
0.5067521502664298,115.58015843171644,nan
0.006924850886243061,13.110661033759214,nan
0.7560646022806492,233.52135318514098,1.3308092030426575
0.6420043058703819,-47.04494071301112,nan
0.43748298547288256,-74.22799801924282,nan
0.44191883611851146,245.54522265910785,1.396608942553934
0.6702816740160273,181.8052662157778,1.3367209028899247
0.14388602329355604,-19.5765419847306,0.8185635635670128
0.42226090670734145,-38.39655208758674,nan
0.2962905372807375,5.470901382035237,1.3691685473294235
0.08473128391070395,251.75491018914525,1.0392810929605614
0.2713695959968933,-49.90751454975255,nan
0.3423059625405168,7.444256202291825,0.9030598453201786
0.4883417519260491,-30.666127659795904,1.1150933928712912
0.30690143876600917,-52.07565333474918,1.466808926728926
0.7259095201903428,257.10830872171005,0.9537535484749782
0.3822241299852609,-4.307540838843181,1.0291647601538274
0.5003865759075139,10.460850308710548,nan
0.2879902192188626,120.55924675153588,nan
0.5198699747669159,-21.481851537011266,1.0014615632338857
0.1102066755099762,261.8265827598667,1.0735596061230739
0.8157169218226297,222.71422051569985,1.3155922721476687
0.712720843871093,237.54502128454072,nan
0.9524964210333622,223.77349556466106,nan
0.30512856571399904,259.2895365792703,1.4732332656489442
0.5679809580039016,-44.93297082545831,nan
0.8542868122383269,-54.324888821715334,0.8517537980006397
0.7706088463661198,24.06125054986294,0.8928278511208949
0.4348511955524248,13.66469925984265,0.8552768871188903
0.26011299298419516,249.56763885337435,1.216904553617427
0.5202462527866729,-58.905734897063546,1.3931661173217478
0.7918235636631707,267.7091052090664,1.2017978433348546
0.7496325924558526,207.89956987469475,0.9139763983326779
0.035562978115970464,41.54854411941165,1.174156834048023
0.9347913125297351,221.29647063695612,nan
0.8029370511042258,-26.37454497596029,1.2257017525965805
0.43803993712851613,-50.442157329395485,0.9287099420024741
0.1389576146220071,-6.985343477608879,1.1874571776450007
0.4326667157352631,181.95552021183818,1.1663494485681036
0.19926620113727617,-68.76149800502245,nan
0.7788318458098276,-67.79382823877721,nan
0.22281226660864548,95.06654078902734,nan
0.34950440537598226,105.42440534311551,0.9163000490159722
0.3023822502481248,107.05748055589837,nan
0.34601108268918906,97.81745292225263,nan
0.607105033118781,0.4477054616921663,1.523503516364693
0.05479967786121437,12.124636617686676,1.1202994956031807
0.5368536769624623,199.07936685802488,nan
0.8237772223186265,-59.16706845350589,1.4257725385347633
0.01585189030156453,77.95745512767665,nan
0.19222515089434045,89.37221351485714,0.8461554086892645
0.08604479069775298,-42.42445512691083,1.0773651929721648
0.24468512583685775,242.37876418732858,1.180514114552384
0.6582045074386602,244.6455893002797,1.1422087724814547
0.26754752437319185,219.8872488880441,0.8117730914998104
0.7847926224415758,222.79391010239505,1.1226724050457864
0.25028707856216803,193.8085830528068,nan
0.9506245322019069,-72.05523183963402,1.0109919898802582
0.8554723583143525,-33.8911660371767,1.5797095010057767
0.5276907744001422,93.3187637216722,nan
0.025446144289093975,49.46269076464066,nan
0.47882891744705275,243.5241572359272,1.3542801439985923
0.3022186920946821,-65.43167262876842,1.4175847483003412
0.8568536745064227,236.76742321264462,1.0213647416063663
0.8840180935565233,245.45898954878447,nan
0.023057365399892574,-14.196744064831446,nan
0.8377709597426531,193.765466713286,1.3431324854701354
0.7503908919812129,-46.69911210442331,nan
0.7689959645557554,-66.25876570486287,nan
0.06582489625572191,265.30549010898994,1.4527070678981033
0.012841817997262917,108.44855334366628,1.5558215027069855
0.7562376366760998,37.55515196582389,0.7492907638221682
0.576517153310691,79.64951472066878,nan
0.30909389415605615,-23.183085127006915,1.2842282548107893
0.09813337338350087,19.638743874637978,0.8199869193590857
0.3191944675167425,13.5764353967636,nan
0.41480381078089346,-66.01646099648963,0.7365370735775969
0.23954003608972574,11.954831552072505,1.2063829656359653
0.0314478387876036,-24.351082789953978,1.622645924304643
0.33984725181473646,225.8926012310879,1.156275415569219
0.8063668250631613,-89.8538053594797,1.0527355738631965
0.8100937318645008,240.382706691559,nan
0.009488805006968082,-82.45184062803094,nan
0.2635253837567322,-0.6347181758097804,0.9241266653934329
0.5179131310269052,126.8979634198413,1.0290007572945112
0.45168714361750395,175.32642390804972,1.2549420997072716
0.4013172572059194,20.05422922836697,nan
0.27537141008286214,95.8536910939742,nan
0.23978075264504262,34.73495419157389,1.564769618812951
0.8500289866958409,-53.34598358858791,nan
0.7812668842780868,-11.349693710030252,0.909237109899935
0.9554709917602331,234.0043687530451,0.7928300282049455
0.8621026755299581,164.63401622141916,0.794744684357809
0.7659762544336437,209.56494681619364,1.3402159142706294
0.5176993415830633,214.45256122162516,1.4861524237027521
0.2449508646497508,76.30904575282312,1.2527963581654358
0.9290969983428048,208.42007862237145,0.9596006988708736
0.043906276768984086,-15.948699487372423,1.3480148662842262
0.814109257143497,211.86914455680488,nan
0.6258980264713798,203.3865656558769,1.167430708466397
0.8984011450174709,-43.56083612404046,0.8343271856836454
0.2417403052174284,116.18338713945832,1.2034359140652775
0.20845869724330574,239.20252044925238,1.1596767585072312
0.4454062029372196,-25.12609845069551,nan
0.12363363306886885,-46.353168488497595,nan
0.1461339847255627,-49.230611817951164,nan
0.6914055701095331,232.5619301441452,0.95858494752733
0.16403958305217164,127.19555495012587,nan
0.9943216192467397,-72.93383989470993,nan
0.0774805443599173,25.22332026984352,1.4208119636010454
0.14967647126288586,-6.381717308827713,1.1049319544766996
0.5068103105022332,253.05580136690432,nan
0.7821608051443378,-70.88285491360197,1.474813377890903
0.5937137158704959,202.33902135825156,nan
0.016186986845583423,249.33430048739916,0.8984766494472305
0.36282482678115235,44.655899770713205,1.1169581658408723
0.9389360145655535,256.33402395901095,1.2091694184454151
0.3714885971920147,104.95670878842373,1.2954313628374494
0.2212588797980081,-56.75858105999488,1.005949809439276
0.2801329009818295,-64.3201072411381,1.0754520672609038
0.0053638705825316685,-89.0669624507884,nan
0.6762826032655894,-63.00970959636935,1.0716642156475757
0.6243088074979539,92.28435761851767,1.7207676240533676
0.4719289106336352,162.51913067180166,nan
0.6763319622573221,214.98616559403644,nan
0.5942751641736805,213.0890716684265,1.2039390873085816
0.950733387483995,-68.32038721431361,1.135862958921506
0.056101459737940895,20.269770153976637,0.9386075604537263
0.9755258850056395,212.57890696494653,nan
0.1907821959641648,89.3779729006244,nan
0.5371577726913762,213.9136688687399,1.3080879755474122
0.27368935592559995,213.58199644551587,nan
0.5604596375735236,3.684478675420877,nan
0.3215234389728884,37.4938083210986,1.4878795439526356
0.011088050794322402,131.30224166614255,1.509948223542177
0.04449507106375483,134.4352495163351,0.7933452195710035
0.3157639046475925,161.92908137328624,nan
0.4069162596480683,76.30268719129728,1.1630290655599291
0.7080986259308522,206.4807245831482,1.0139177944927362
0.007287510983223111,152.8803692211473,nan
0.7492404688937861,-31.053966233146895,0.8318753937334644
0.19484250550347806,-30.283002881941712,1.1583752101070584
0.3741987348762191,30.172985974313235,1.5584178573797571
0.22970527875373892,262.7930968880843,1.1279084738233065
0.7062625690437794,5.343100597871583,1.1425547755244843
0.18038114984424025,16.142434431838183,nan
0.08293753644868823,232.61441898392619,nan
0.2402074036495917,-9.782196409117663,0.8865536880134146
0.2520538790892003,-46.75188957339277,1.1811569979638075
0.5973305709864309,51.27210553873411,1.3199130547383973
0.7018268113374746,-87.19817290421466,nan
0.0875964077061987,116.52811816129774,nan
0.4426604470129715,187.86224866820635,1.57160291980237
0.06607027062807641,224.9409013045392,nan
0.7875628113669799,-46.82656325852834,0.7508362959798051
2.3406011668836157e-05,207.28663244253852,0.9147525442851442
0.6569002144166882,198.08672678138174,0.8438774259464539
0.46369412357918866,156.33888246027806,1.233893985606698
0.42235241493873293,213.29638912528165,1.2305476000819628
0.3341342012181622,162.96888875997777,1.2528202225232863
0.5217372432785432,148.1559722439181,0.8883977280154354
0.0637085507162447,23.70563551480047,1.2820709648575062
0.1529558289061364,63.43933336795071,nan
0.15594399537539924,196.13076459470886,1.1063170904417694
0.8177249688955426,-75.44527705450521,0.851737815828835
0.08743401531715207,-7.077781539923123,1.122463907728837
0.38625707568933665,152.5661090671311,1.179221070101158
0.3395891793639408,63.78753613468868,nan
0.7252237542277133,171.11841208929238,nan
0.6010631660069837,-30.009683866540186,nan
0.2554130779433894,264.56580578176965,0.9935435606205617
0.1735288688844896,269.537842002069,nan
0.7866197815586673,-15.11791306351327,nan
0.12990156561770966,60.47436167816851,1.5508333551997022
0.6700102821513185,153.97414095602105,1.1742449173135354
0.5594822334130657,89.70172202137877,nan
0.066824954553933,77.44418924073524,1.472796179731636
0.4270260835263431,-70.53601540064489,nan
0.09379661869794076,168.1799403893801,0.8494965689168781
0.1261580506163801,57.505956136340444,0.9307761079662409
0.5973894575046129,23.5457107568143,1.0231916033227393
0.4553326435312689,245.1932567071015,1.1217087987448027
0.4092105824525761,-38.53542119801536,1.0386466260726186
0.332769347216594,119.15214806078899,1.229306465950441
0.8679931943260156,232.1730403089449,nan
0.04252604384483666,207.8809372986512,1.1274642999394582
0.7402288177794496,-3.6013071223345037,1.7162148954255234
0.19601876127039358,170.83837738388894,nan
0.36056922947470477,267.6758662320998,nan
0.4950243846949709,211.20785048694592,1.4067037801937345
0.665326163187089,200.96112014231008,1.2033969416291144
0.344039933184225,248.06731295110504,0.9590377750509241
0.7247876041063471,219.09546264972877,nan
0.6041733497214219,212.50120973459093,nan
0.05962983144480502,236.8434132226643,1.3340603611658308
0.19876101392052548,115.56341299439012,nan
0.7714337156504757,-19.34851812772638,nan
0.041480499136786864,-43.40240553145706,1.3191371994360042
0.11710264738350207,-83.73381182309211,1.4649748177460757
0.23918767539478775,33.49948379990264,0.8432638246887612
0.7544577903490024,241.2727295962313,nan
0.685035180854865,224.16431474204785,1.4831505462926362
0.5691508639728926,158.0630938854407,0.9985922940694107
0.011174935072069903,172.93219517548806,nan
0.5335856359062964,-41.902186116998365,0.8990893101845945
0.8709014099266972,228.39072324732516,1.191254518855617
0.02659390384395849,202.6815865610574,1.5056945452006159
0.12945545364799801,141.1747097453031,1.1715725281270601
0.2357378542749677,9.128075056108344,1.0833552807696243
0.2750382603567083,-56.299226530794584,nan
0.044329627414707196,148.93285136117245,nan
0.015708767973452442,-25.089594734386566,0.934485809002977
0.15601518359540004,222.93524258359065,1.0727874187094255
0.6513655858625024,230.7709366604219,1.258060969895449
0.1297039901124274,-22.617759614775686,nan
0.5326555720863739,208.392075077409,nan
0.6912963872864781,268.48535619009874,1.7161999196737634
0.34291140237220685,188.47347830334877,nan
0.9361774020682918,-63.000969897214866,0.8914675353498405
0.48129903296559157,183.03066543591524,0.8849943592121917
0.3613700884018183,268.7175843794915,0.8651068168640418
0.6927136427677185,259.035881333608,1.209761367207734
0.02795494484636135,48.12188573120419,1.4762722274206164
0.8328648737885669,249.05340270229988,1.2418745750161384
0.6415509058769904,59.75077769511955,0.9646112035896957
0.32421016413141374,201.22620708086978,1.266478226282915
0.013733633059882233,38.854797109202224,nan
0.7002861338014126,-53.42506074188269,1.0387537686268162
0.4785194923060758,-55.95932182483892,0.869325925736038
0.3117487636114905,77.0086436052687,1.2660116510991737
0.04405668158716902,-25.073380084324732,1.2269002548757497
0.3555433576752991,-24.501858000274808,nan
0.806412004383655,207.46347144296192,nan
0.613522866429407,258.1521107149588,nan
0.31987666930811287,30.04205585499335,1.0043833746072637
0.15532280231088763,162.0179598992698,nan
0.8255113625517627,-26.122733559250364,nan
0.7824249492213389,207.39194561049416,1.5805972328130462
0.10914524446005291,222.37984417146615,1.1243217830628638
0.8783563006906101,-75.34987982741774,nan
0.4525406649505692,213.17855466742563,1.3837860413829528
0.3995324946394703,-26.256087976969695,nan
0.16987311641773278,82.05648975931106,nan
0.08617594971101766,-22.778657135290672,1.0191934300955863
0.09008454864472193,212.3601766978173,1.115272187786404
0.5383835406583974,182.06014370547013,1.2400521038323642
0.5157218530698986,27.360597473778085,0.8494199438787094
0.20104922720381938,67.00052322735584,1.1191689178939712
0.3858439152178764,212.18411895474895,nan
0.41344020388914926,255.10949335039265,1.0811108714210462
0.5070830948677072,70.80970009983602,1.515815273175778
0.22488006084090562,215.00773459293694,nan
0.4443024341268055,205.53203403042954,nan
0.47540689420519266,242.41998673145804,1.3412042301160632
0.17787164754801602,62.95539560376122,1.2445707169131521
0.2328788209762308,135.44004024735437,1.0195233685552558
0.6405148612659626,201.05947480514968,nan
0.32737542343140247,170.33561277555444,nan
0.17586524425335714,13.22170975127112,1.3736573179467781
0.41931471191654923,-24.320024368222704,nan
0.5592471253384755,-32.789035502606154,nan
0.5179093053116957,89.51465297949304,1.546524431758337
0.22150507508644957,211.84928694262967,1.4262980975940176
0.10493493209588611,48.40964990423488,0.7730906464790187
0.4405784933698296,19.630479292948273,nan
0.38368205295951313,182.44024529620086,1.4700010858511832
0.21303912281150983,24.140361078731218,1.1172169771813358
0.400119624446809,211.6145823169596,nan
0.9217246824701231,-55.31143859516308,0.8035702478188412
0.4928659672556818,197.9880977251268,1.218793182060662
0.335887954001214,183.3855970356006,1.5224674497049027
0.4133200555299764,-70.26499139924422,1.0770467232926
0.6173514113181872,134.07064809396252,1.0456243167191663
0.4734687430821026,-70.69879285742023,nan
0.028166678147862723,50.467001407385425,nan
0.5075687563629779,-8.091608863429286,0.9912828417864185
0.16465409058569966,242.74981331997617,1.0964303179380637
0.3979784648335158,-59.10877106149803,1.1442089588943245
0.7325244335502816,143.13319703209595,nan
0.44385816408632917,-62.606695175637846,nan
0.5376293291556395,250.8094925227576,1.4125564871257448
0.42085982364230656,253.38040933989382,nan
0.05603862929601516,178.40662491101622,0.9523092449270092
0.4373006197766103,77.28446600284866,0.7534782865903128
0.3927810660397802,215.4028171637828,0.9490429399172459
0.5631282821623543,177.44517121622215,1.442640081716658
0.49710278937690233,-27.41913958011395,1.5403219524744998
0.30803059762526,54.03757283316821,1.2588435272552816
0.9531199851825586,240.4721116943157,0.8919464215995844
0.5628303293206358,241.3741198856645,1.199568224986555
0.05433353538552321,-86.18989940018992,nan
0.6902631377867494,-66.80907825604407,1.240069757168325
0.6025395015237165,68.23929036805117,0.8725528753662343
0.035049741187249184,-13.25448821774993,1.0806011252220256
0.2173915180533173,83.14018035322505,1.297149817823011
0.07597575542956109,-0.49056735986781064,nan
0.713739272016626,7.6165502433265715,nan
0.7849474193768665,253.88757704734758,nan
0.111265850913295,13.800704717985859,1.0070498293174377
0.2531631669572477,-33.29590458178926,nan
0.4803107435225308,-33.335152164104485,nan
0.7528389024188502,-59.8957795460108,1.5308402332482076
0.12594890773279743,111.14270718552729,1.2211875220187878
0.5377120161829447,-53.97663530040983,nan
0.7406202914028585,196.99416071193934,1.6045308217912135
0.05521363026853954,-39.515063739422146,nan
0.03098711920500262,14.110549670319985,nan
0.5680175649607906,6.3699413304334485,0.9162662085248808
0.13632705283150426,215.79554789771484,1.0749745592488804
0.4918757904406792,-52.879788371089624,1.2622000813548166
0.7231482887635174,198.82550179828127,0.9360657064134142
0.6398351063667505,147.82560248402973,1.1923597874282328
0.4916480205191357,119.58411487131129,nan
0.48725640865601993,201.92265583233328,1.0233833312421625
0.06058412529421853,201.78507579566826,1.546110119346484
0.609828083310687,162.72272502806427,nan
0.3431834768464325,196.320698851636,nan
0.1238824703924318,95.06485431492612,1.2970708828832194
0.3145080499700488,-29.55434729582103,1.0498003619056364
0.21188706348878092,185.64441295002698,0.9788696110244046
0.8041682375617971,192.46426261162685,nan
0.41847326634111126,115.92985090005094,nan
0.2661834357183498,-27.418692520930975,1.4671046464338435
0.5393538586842733,-7.744368804444122,nan
0.2307662119580281,18.473128959995726,nan
0.17619544538918308,68.90188730819875,1.4865583389552726
0.33564609710860605,30.58627446671406,1.317058611384251
0.35287168588069595,-84.7011274242181,0.8828241967951855
0.7492242678985803,-51.4204951165306,nan
0.3364830143319517,61.39874753496895,1.4032721439895262
0.025108096678785607,17.315206778819856,1.0038194774630491
0.8094617152659694,-50.43411569093362,nan
0.5951448713153985,-42.33019471709112,0.8845910907522795
0.6503456022531601,-4.2429652150454125,1.0696988422324292
0.0746468523393807,-57.497393779422964,1.478518633418991
0.5936830798335937,244.93618127017115,1.2095296525624304
0.8084797667240481,205.11472919003296,1.0995687398520269
0.0855114307094437,100.80213068884319,nan
0.011857241732037282,35.05800072039523,nan
0.6305765099239349,-26.486055503628897,1.0067513844372953
0.09715830501129055,187.78148653991536,1.1488884761587763
0.4539037620578378,-43.5211625716358,1.1748109574012653
0.8665147815391148,229.83651722289108,nan
0.6339590192713691,254.145232836464,nan
0.6415251857520279,147.57175488741905,1.5382489562624488
0.5009778045558011,199.251707015646,nan
0.02127844991371952,194.75437574915753,0.8966822436667335
0.34059355233288496,226.33539547754077,0.8088644163139584
0.4075496350208286,228.5670633805465,0.8988971079416388
0.5383782108682944,-73.75560384054177,1.2075624768038475
0.8178415216593178,267.9880740428993,1.5122694138389983
0.08361235251838696,118.67557547950098,1.1802032606932682
0.15728068942544915,-55.3607146138455,0.9065085744265587
0.12496591957850751,142.6432233786358,1.3550604111954017
0.5773704365166034,2.0343327038956716,nan
0.62030618961941,-27.814168057538936,1.1189568803174963
0.4161099552033944,-23.102991403623967,0.878565227373795
0.5373109969785526,31.70892084338118,1.2344424389021595
0.7261280903695909,-56.384356645544784,1.1363806642679677
0.3189809633327986,-70.79568287551626,nan
0.21827210295231653,10.127981161277752,0.785696753695485
0.48179153186047113,-55.118168293307775,nan
0.27832211960137604,3.7992609425912462,0.9703532266867254
0.9291913031020862,-85.33546602051206,nan
0.49239181287729217,123.37271920579337,nan
0.6413564179198417,-70.14798170594693,1.5226168477509177
0.2223719765413833,-43.43616394176636,1.1142682597768627
0.28648130241452374,8.652459003944472,nan
0.714755704967983,204.8663532313333,1.4484445847663565
0.16920412791570852,213.1141622684312,nan
0.11171724724278885,116.84731091591283,nan
0.4668010866142309,67.71802705418096,1.0063935516716902
0.3556518919694174,-11.8000598593337,1.2586829545175404
0.3819424901692204,88.03449588604671,1.1920281650756048
0.26261454622443714,191.25284242838094,0.9275598244956569
0.5052510795346753,217.3947395373345,1.1855505684283019
0.3234732928965152,242.73547088828388,nan
0.16072315800002424,183.2205903498594,1.0341858819955791
0.031708502623189166,224.13368297918515,1.4765691162138572
0.2106102882578514,269.30329626343047,nan
0.4216021236936529,-45.15834917171355,nan
0.3934689997559981,-64.19428216503601,1.3624271572612068
0.8788662474617299,189.69092929919304,1.2214269233597583
0.12751304586492018,38.293784938081814,0.9740984870294741
0.09170464838364746,56.389047670452314,nan
0.2887074524998701,214.661032396088,nan
0.13866548493433878,-31.38426684345592,1.2094204957811694
0.3191899620957859,211.57070754478121,nan
0.18813551855438648,-48.623484234256296,nan
0.2368740374705512,71.32213124838488,1.491957675077968
0.4703224900737043,-24.312203421973223,1.2384821784465685
0.5743159834402018,-54.92216367277968,0.8013242820740776
0.019760293158202547,76.66921743261108,nan
0.5153963387273707,15.60462356463367,1.4205252239556367
0.5164526968128685,225.9769802124602,0.9210536829521981
0.655959017456146,-11.663284056479483,nan
0.6616985258829489,204.69066703689077,0.8584501364004328
0.2950636394225946,17.817105657571624,1.1763215521482553
0.09608043922578302,-45.10996352906909,1.5238280803499737
0.5478962191656143,-64.51817542508827,0.9844647299794381
0.25248906396757903,185.67665020164645,1.0108997456253015
0.06278064136803323,193.76238593837687,nan
0.34285250700230313,72.26535246485787,nan
0.4321410225120651,-52.85056365458843,0.8705067612165255
0.8076938681391231,-68.01005159865286,1.074206336463359
0.5526748180547234,222.0531537725062,1.2184060997258854
0.7511375711384033,146.26522167370518,nan
0.2899364734284853,80.78603388397052,nan
0.16795744739185486,210.2204697492347,1.9607892004135679
0.16463774130979436,258.92597775810793,nan
0.4299176196838991,205.07076805648018,0.8513476145223772
0.27060674633313364,227.27719055308614,0.8614851417793669
0.39355385882874316,-44.53500071386213,0.9311821156332117
0.3263022095977717,-7.128902773920263,1.2399601895702297
0.35414359931253536,221.98409762679762,1.4586628896059393
0.28160411717908185,-39.07794218196662,1.2081976428281447
0.045520534215860636,159.1661734690743,0.8394339222055179
0.3541060918143543,-55.90745592650626,1.3414751953156845
0.41107699879285176,-88.50873686266078,nan
0.19928730172542233,99.09248510511956,1.1377729310146052
0.19936209286414897,-44.65447058175465,1.033741472410828
0.16199895017542504,236.63877145228022,1.0050270373994743
0.8802662494002641,-37.26509128008864,1.106254869472569
0.9585794737119336,-70.03384159932168,nan
0.16417073695051695,-34.68233913231614,0.7875790158770168
0.7518364371268403,24.048818083449035,nan
0.5611785123269702,210.86981305281245,1.1054929631674884
0.5843667125593726,-68.03037350034683,nan
0.9080417718774805,196.04792123634718,nan
0.20989681330106055,181.83532612072204,1.4644903203634476
0.11618907048633922,-35.2489706352876,1.1797403663168322
0.039264525876417045,43.516819652389465,nan
0.18943997943901383,-75.8671345196457,1.4660827738787137
0.12602000512953987,172.16950078449358,nan
0.5409031282048556,145.20773651153968,nan
0.4054860451131172,-89.76111969291097,1.0038578000992522
0.24807334725746905,19.8010051521122,1.143904556606036
0.8435332639178886,254.0167417790977,1.3227944615633853
0.5546556079299475,253.30118281468717,0.9812606023760838
0.5570476214799611,9.986809093506793,1.1417761037199194
0.32433589521551587,-10.275144232510911,nan
0.6184572493913358,157.97461979729061,1.0666384901691055
0.4416434416509769,249.26080759862896,1.5836744682857749
0.2944297695079737,225.43060986284752,nan
1.820372759692157e-05,-0.8291039245971916,nan
0.37981492586113635,1.012236007061972,1.355933075540858
0.46616038517907554,233.10654047249386,1.2845243765639704
0.16180898222956513,148.2957030415668,1.0489911532217613
0.33899088014276846,173.33765992056573,nan
0.6166649873398176,-43.108409837036305,nan
0.962289288436978,-46.72253598480118,1.4702260999491799
0.1334929790744543,82.23107506173498,nan
0.22158498257487796,-46.621880111700186,nan
0.3038176650386238,156.50880536144746,1.5208414721398118
0.6835780432857418,32.82663950401321,1.3622144195366919
0.8766946607861072,180.13612288277272,0.9295135959013896
0.1716662510790392,34.812432166089735,nan
0.868080209496632,-64.53895791657989,1.3332159868942617
0.5874996696829122,181.32550349548634,0.8576911484862161
0.49739307114490827,-31.26019882262699,nan
0.8457518654726426,227.99175154562727,0.796628457831718
0.2606966126461369,107.73196280499502,1.1305802028891765
0.36326568620818517,24.93092677063727,1.3565182428051998
0.20876332312107346,58.0662390003194,1.1476605435241691
0.0672836540590377,50.60035224207822,1.1639231737504296
0.19856871005448573,268.69310936729187,nan
0.32898923704727084,-45.561625268071424,nan
0.9749957131197131,-77.3565319729755,0.9157528858506909
0.2298793244984832,-20.48028400853636,1.0354413847386545
0.5044635728607314,214.69113480289911,1.3658180728499163
0.13498972727958397,150.41698900980288,nan
0.625299240460898,-64.6589001899988,nan
0.5607269851378881,-8.824000014862506,1.8502580974743608
0.7911126981029054,215.84073175236688,nan
0.25670725774000935,173.4003001486428,0.8392408401226253
0.20559181620220257,232.3045468813586,0.8540104843435579
0.2578056480351867,158.45765637870034,0.9755774794227743
0.36687801749960564,160.17171866507968,1.4244550886707592
0.7299649946606191,235.65861260601667,1.4938767681621958
0.026494300332295495,179.7626789974697,1.2688847476246419
0.4784175133254891,164.74137740092513,0.8805593040536827
0.3826631856758784,257.38606617329043,1.3353533720810609
0.288690206344553,24.611725709610155,nan
0.31185485865036855,1.5217011337362365,1.216106817182092
0.08180878976867956,92.21321897938871,0.8430897196780451
0.048347651149872606,172.9396240038203,1.18094918485835
0.29612224253197716,189.4585351047561,1.2311389336606748
0.8376980922634634,226.72987694314747,nan
0.009106331791102318,182.1162109111347,0.8312674228547223
0.8195832788319627,-33.69230793414141,nan
0.19501004199436794,231.3812488626044,0.9564953114353387
0.5699685392000791,-29.449920823147846,nan
0.5734801400864789,266.00879039662254,nan
0.05962131917618452,51.49767639998895,1.588727633020834
0.8169785911493544,1.2145688529843,1.145351260971508
0.3096347412400656,-2.5985933228330964,0.860630280085194
0.005502071655073437,26.148923058939715,1.4386412260793937
0.664198539704162,-46.17910792667976,nan
0.30972110530397934,-74.28700168547574,nan
0.3780592510042166,-45.37995117458668,0.9464378756980573
0.35608555374790496,15.089140283871732,1.2824203768430709
0.7835368876336655,219.2597741328275,1.2551862938014622
0.33842922239586903,219.51105298327536,0.929693478259309
0.44937957356748814,-79.76119725822481,1.2465699417412797
0.661634621432957,7.528327665882159,nan
0.5745968869269041,145.72229031108026,0.8960767709493268
0.48649271890907775,49.19316578814583,1.8002528208927548
0.4476574781944864,186.6743205742295,nan
0.4675671751467953,189.2319570107344,nan
0.5434935478239324,226.9059272243826,1.3162259732593413
0.7223989274468458,166.62753581201724,1.3266951302739727
0.09908859270039305,268.2193623363134,0.9664200887745457
0.4628347340192663,249.79396719218164,nan
0.49803947825258443,226.1662890731174,nan
0.555770769009836,-22.38822260374843,1.5132640693211543
0.03528425351268499,237.07105533406008,nan
0.170338210111526,-6.5158300662052255,nan
0.20770260426262305,59.36037351133825,1.4779603959154655
0.0068815158796612375,-52.53087529885039,1.325318504141263
0.7908738652122189,205.1548319590069,0.8435798921492658
0.047131718335518435,-85.83585627803066,nan
0.7723928826127517,-48.80347510492459,1.2757655963172172
0.37312320943198013,141.16491471044253,0.8803345528125163
0.35542750487354174,139.48096161391777,nan
0.7681870555781891,228.43139361723263,0.9045452016698683
0.12382874236850788,38.77244418848494,1.136048280550442
0.8819269651007723,-14.380619939173414,1.3167858171175633
0.4724452442640954,0.11038626300432952,1.270706663486723
0.06354229248948061,-25.913660756618754,1.0844691027240434
0.7341825599376322,-35.25376768565742,nan
0.27204438026641076,-76.3570514582612,nan
0.10281483360584845,-57.985699836171165,0.9290451682419467
0.11860412801802389,-82.57848052900096,1.1205798716717117
0.9591441348198813,246.3248262615142,1.4506321451294972
0.41190742394823676,250.91840906525695,nan
0.43957628846373764,142.0680381846394,nan
0.6386494147934564,-25.216309592770457,1.677436592716305
0.8650670844695266,-22.052737336459728,nan
0.4003616179950071,215.60508499595755,0.8702077700405235
0.4930190319260328,9.962409688311183,0.7867253877783513
0.2659013733230908,87.60441956347712,0.9582664574653251
0.15014075536761973,160.38340914315305,1.3182788397103384
0.6713998994173782,189.5606810074089,1.5176509568153957
0.12076155402488836,147.69020477840496,1.211485284778055
0.2255933934717787,85.44966462174523,0.9199247269492102
0.5627598692897767,243.8035845016044,1.324957772998757
0.5409293742566523,-55.04086956871282,nan
0.28262187920308357,140.58424690390305,1.1732542828385972
0.47205876938907454,-1.5338324849885723,0.8578668205055159
0.33635886515733493,-60.3914418095752,1.091917373956221
0.07547352143055075,93.01837557436568,1.2864187550331205
0.5639980280449481,187.8121920861276,nan
0.09002376680721239,-47.37993402358455,0.871312306032346
0.7562749384297387,-86.6670274850197,nan
0.39634499211743746,225.79799036686757,1.0402884103748309
0.7433476608701126,164.37973305497331,nan
0.9897336950517037,230.92283198629661,nan
0.01526844166231775,-2.138664751129596,1.5664243798165824
0.8199803968307305,-13.78178454269252,1.0812221849539858
0.2835870104098524,-36.88235510891311,nan
0.5398638997056694,-64.8388383737832,1.4750284698459852
0.7894557441769139,-47.71293438686901,nan
0.5234364799959107,-43.54542944512187,nan
0.05275632200724367,-47.85410881643901,1.0499527604017345
0.35632401566353006,-6.404681111285354,1.132512822887861
0.6067355735384831,83.55873436374692,1.237849654813164
0.16744790198721887,111.43309329161256,0.9646375200916212
0.3783353337614733,256.14230642318,1.182594464880938
0.6923020237570834,-5.474655565048607,nan
0.4025351011413407,0.28615036622299783,1.0369294248094827
0.887567401630275,255.54620815263678,1.6633725261555579
0.09539774311688776,-16.626707495500753,nan
0.45931732969214417,213.35296205024835,nan
0.14629820113970127,169.02190299452872,1.2650859322887487
0.29609950173525645,176.93305462296593,1.3259760503704665
0.4229915287964533,40.111598551314096,1.0092224023639889
0.10574455213538736,-62.07406191084071,nan
0.30550268586961854,250.22253824669653,nan
0.7931979521622239,-32.39484856566371,1.2851791200618268
0.17280784845126973,72.65690884263067,nan
0.883429761206092,-34.06126202536879,nan
0.2155293959239058,-2.4018238966683327,1.5285436275158621
0.2343949016996263,0.42707227993854957,1.2241027851705935
0.3330717574636767,178.98698197329782,0.82225908620688
0.13524041970872996,-57.562831266970434,nan
0.8006754547601646,-20.258982719891815,1.1755480333367279
0.14726734811152303,121.05434409535756,1.0305329520043662
0.5072396304602764,207.76885142388363,nan
0.5758478894971286,205.50437695866555,0.7891023458732324
0.04983120392153817,104.19456159879226,1.279336023457335
0.3503821151140442,-28.43293323744308,1.5108159781765493
0.10110868032728038,21.594429619436028,1.0138350189597114
0.844972921187376,-25.160744962841363,1.1542574519914615
0.7288464158856826,-4.895155982511795,nan
0.6296223617531649,-19.931524823118252,nan
0.08506443449791892,-60.3753831583728,0.9735884358119709
0.5861200577869566,-81.57717444344406,1.0729941450219838
0.9252718573403158,-59.522083799488556,1.2247910039908454
0.1549229589802782,163.32465889287369,nan
0.5811622323340149,251.7484550752686,nan
0.8602997484306463,-51.44532375305977,1.6595988418363983
0.6881425082859243,8.874997961505173,nan
0.6096743882314861,228.07280075486912,0.8311698442041823
0.1197783783066535,126.1517979595579,0.7003149313390546
0.19896347327896152,53.05871373324081,1.0188219986031852
0.5184634415910614,178.9324395620689,1.4331102673069522
0.4525574859549804,235.47993419942236,1.4608544841592006
0.5381144326733156,-18.819346672359075,1.2738264212408246
0.1310936717774018,-34.72443348267964,0.9265948492768302
0.01798579789047755,225.19021332353634,1.4505807166441758
0.7705295573168143,-32.10782982719858,nan
0.6054760678865877,-51.488434732548086,1.163517155478229
0.7993520006127316,-4.440660583795726,0.8615519410520045
0.22049162774638012,15.683235153915675,1.1607228779790297
0.07698424958293715,-36.12075944987426,1.2601954201361352
0.6104142362784849,91.26074186348582,nan
0.16750573901113608,-81.83489331775556,0.6735890685403595
0.948674591257711,-56.459418111278126,nan
0.05570760355942195,242.3943977370221,0.958253983918341
0.6261837268080716,255.2532974342722,nan
0.6870136876738856,202.13745466537014,nan
0.25295827251176084,260.0002203699951,1.522801222928689
0.2998114082556971,122.89442115914125,1.1863502579915204
0.031094886909863118,224.70873773633434,nan
0.7878953118744854,-32.66519904283536,1.5574827544526104
0.6712101275627611,43.131080928196894,nan
0.6777334720522215,-22.561221705562218,nan
0.21286942528191444,-29.218886883968878,0.9585262287954648
0.39446564357428376,17.073764303937374,1.1987357485158552
0.9729265446352786,-72.29269630269809,1.3065029918009816
0.05283767328934902,255.8528545211849,0.9367292720207663
0.2919793339378164,213.56923131193102,1.171180238485468
0.43172388353669466,104.37778599353109,nan
0.4688827525951012,195.7710004887479,1.0070552706532934
0.7128787344159309,155.52716666645676,1.7381442944228485
0.1987594369945609,92.3866683725353,nan
0.03753137889257907,71.45305732278848,nan
0.8881132084877683,256.35132456345957,1.3280589467978092
0.5232394943755474,50.50970494171,1.3325387752421516
0.4551652696021893,-12.058585671206941,1.008576588054644
0.18702357812105352,36.367701167067665,nan
0.4483344543921979,105.04515364017209,nan
0.9884740003339206,-72.04850076992203,1.3849199555216223
0.5362477704220504,-77.05043735398854,nan
0.4164998112843117,266.32975340925634,nan
0.4698140116530185,43.60812638884224,1.5845796720842802
0.24042130712758303,51.36381060128151,1.325603077208191
0.3474767557757473,-49.73797508191697,0.8106017654899956
0.5077141548368642,-52.76754877351495,nan
0.8174835687580171,-57.89950375611279,1.3609324189093255
0.40651291885806073,221.32524925034284,0.9646476033395881
0.38550144219775884,196.12290083544013,nan
0.3991456600203837,45.9754601597061,0.8439495843695164
0.4070381171858251,108.69092320993089,1.118276465186906
0.19304351332150227,130.55789462807078,1.4201888947610315
0.061661323884632246,151.7017184825697,1.1442888120162429
0.5961028212853381,-49.585990651017084,1.2271084033729094
0.9572614981555012,-88.69540007818574,nan
0.9436210077028351,-52.38905806986649,nan
0.031794686536072314,-67.40660784822228,0.9779808412402123
0.17716958062554172,72.7055966210278,1.0196998256845262
0.6302700346234437,-17.207755822418953,1.2863494756772136
0.27391740573093876,197.85848496736847,nan
0.5494640382520732,18.43345918100553,nan
0.42032426764584685,211.0443197396773,1.9049865336608656
0.9429526532252388,266.4055159111593,nan
0.9897694733409024,235.4214930214594,0.8660088933695881
0.16876744772691266,53.78705902528165,0.8445789818697992
0.13885092700832574,-74.284598590086,0.9034168040777375
0.6096063533979098,227.33974177805982,1.3374052396257974
0.11311714121378467,6.7758007148052,1.4196616552123187
0.8649077665692276,-59.31973883181618,1.3134088173112588
0.5496826382581419,204.9229112315218,0.8924484426320759
0.07210392820723122,245.9560459354552,1.5111245081169091
0.7061054494416419,-56.055272567176786,nan
0.1939578219163251,-43.868099282213706,1.1851722497933104
0.7089739261375871,188.7862699167196,0.9019652808632309
0.8056024768807797,-48.206846288611786,1.1591267314439033
0.5003801569327266,-10.775541945335505,1.185323528511881
0.24753141394626463,31.635335398908637,nan
0.03757376163948056,-82.37449946750877,0.7940833674540674
0.9956611236693564,-65.50667654886462,nan
0.4115363909024984,237.6352773652584,0.9759640351322403
0.3911037143127207,113.35217634633085,nan
0.30449125558986684,-10.578120668916853,nan
0.30286104415571324,157.78822708845476,1.5754578510810655
0.09429695530772444,256.61061955005846,1.238715120375734
0.25418504564099265,193.09686851411368,nan
0.3900177038699656,11.171925892615093,1.4232249834868054
0.422354328048908,9.886334376011206,nan
0.9149380073206528,-38.06245341067987,nan
0.11145762309637718,-55.680090300917755,1.058473139483443
0.052291014871689745,63.598490242620045,1.2091313353242323
0.8951458377148326,-13.277469367518542,1.279108758181938
0.2365638954404496,179.21127903362196,0.9215630436713389
0.06252401269095098,192.82319867781226,1.1853853926376692
0.07898317459681559,-45.29520606875093,nan
0.9236080308073132,231.767401560304,1.010559539490368
0.7636812818979999,175.42373270169765,1.5603547586854805
0.8189171853529804,189.83779607001253,nan
0.136206936783484,-72.67296307266676,nan
0.3902799090692963,24.99911308439096,1.344148363121678
0.4667072938582782,116.54181343337892,1.263720163493743
0.8516009160967075,-33.66216525809537,0.9266717243060827
0.6564349176848017,192.79133813365826,nan
0.09165493187957657,128.94171752386694,nan
0.3137746285521649,184.3721434322908,1.5223445720213757
0.1714939061659171,101.45748100518578,nan
0.8804459481859565,221.40359665958968,nan
0.4771318846687038,-48.04788586631268,1.4905221766140595
0.6545789090654223,31.56898073370229,1.3226134259201263
0.020071802430311536,191.35135345192458,0.8514038410952421
0.1350830034344713,126.05660898651979,nan
0.8022253932754129,-26.713247132164703,1.2469401472383441
0.0390475795428129,139.89096585535592,0.9701906478260176
0.49470460357269763,242.9777062786821,nan
0.7192253330044791,32.778503426278995,0.8750635570201265
0.29497286740275797,170.5504294986702,0.9554314970308507
0.3701958758027836,253.9906854250912,1.4595146985087721
0.33058172748182046,147.29653664517346,1.0538382248966833
0.2633072144063079,55.11305853530689,1.1724603915593301
0.762876365621012,-5.5661072226392605,nan
0.8749780235609372,-24.84882091584845,nan
0.18632417654384725,-23.77611276918826,1.0609772135910802
0.19844971425868133,169.707782375759,1.0908428033642927
0.9422507208239996,-22.058754483220063,1.2719229875131743
0.0784608443878542,160.16029799145997,nan
0.42545378585818205,139.2342338411058,nan
0.11815174760573784,-75.26072378572266,1.960650135477575
0.11739513141579572,262.2293500655175,nan
0.41871165073959193,173.6893257849735,0.9287321477136262
0.20186463169940527,-86.31768846284575,0.8282305505270894
0.07679571444413641,-70.24255564957136,0.9116743857393321
0.25552153220002455,26.925192810940842,1.2229804602942818
0.18375608433821633,177.7674297577314,1.500778738157675
0.9406479867966696,-53.62537527575218,1.2928203069710857
0.8757614886057181,-43.92702158989457,0.8880304700451331
0.5256485839355065,119.0116134721473,1.3925926809727067
0.4162515147478307,232.29351494182902,nan
0.007104210408061973,-77.36714485501408,1.131461408404046
0.5438778278512117,-84.86948379934462,0.8337068265318547
0.6687997062330167,-18.790494400335888,1.127259041347642
0.4309732140741823,133.04094171045432,1.1987312499867715
0.09721711209965384,164.97097613763216,nan
0.5460528609166834,-78.50955004847378,0.7407629833589068
0.21334617918557802,-35.73301101933213,nan
0.25035614655157384,116.63181056930546,1.0308759139028552
0.7414071327910716,145.04730399224582,nan
0.8684896855401186,-36.66095207879514,nan
0.47952229468264956,201.16403261278077,1.4668770730308949
0.20587132030273234,205.69450673193984,1.0931781629425303
0.04784229033505533,125.86463778551456,nan
0.18709637262585738,66.0147637661382,1.451118917349749
0.5106140351424089,12.336049039215084,nan
0.6495751785563892,-62.24181964177533,nan
0.04748397610224764,28.635318707368526,0.9921788376037007
0.26568047565575265,266.7551266038492,1.2577800459443196
0.29132840188220166,25.83336437329956,1.285157326341196
0.0820178804764777,106.60681322317899,0.9017054244969724
0.2563354068188527,185.04702709088366,1.2218636719808214
0.09115707538685547,-47.37332833626594,nan
0.050997404683354945,107.5945833570548,1.1550747812479714
0.2503593870401193,174.5184603709631,1.5756854661516608
0.2508706150176032,-28.21684988511438,nan
0.16974940892788393,-15.250227550357003,nan
0.4423803129605442,-34.946417716757864,1.2608462242693175
0.375299115235214,116.02891344966098,1.155124268412621
0.8586117000161662,-48.15115227934922,0.8670566888976934
0.7072997502305283,-6.816465047851686,nan
0.20567765600694266,45.847237000491006,nan
0.201773385550139,237.25074380228688,1.4675339829832705
0.27573315074555255,21.44146450313613,nan
0.36921538315666214,68.40261179064316,nan
0.43210026614033614,-78.77494809750634,1.5338921958561627
0.36211889368677674,161.0111233580725,1.372762482513534
0.21707295900145232,255.99209196525607,0.8209585947543562
0.3132850159939235,-71.08389578593248,nan
0.14740144698565882,155.78409308426853,1.4261722426944667
0.3397797281364333,51.16212337772589,0.9573090804179522
0.9660048614946672,219.83430428637797,nan
0.5632505810164633,-73.41512178861632,0.8681219613199397
0.7333771571635079,260.37706222187757,1.1488712960377472
0.494760620429291,161.94367576766632,1.4731794594753183
0.4013747527221099,182.6476091430287,1.1055844307667089
0.43895791674996254,233.72891066000625,1.0537149692704384
0.5608360807050405,53.279536592203456,nan
0.9951832748323046,-78.48825277752702,nan
0.35239434588990526,242.77518963076832,0.9572395351177746
0.6458335351544418,222.67760237247546,1.143892831806365
0.23392415264148558,-82.2405943954792,1.2383469342305993
0.3710199459231912,239.62602430007024,nan
0.5430301143915214,171.835324488737,nan
0.34086939869788946,81.92129502161413,2.072420023853693
0.18956539137206807,70.71523384947116,nan
0.5851259790203837,-1.0784197139941583,0.8587465883734765
0.05118702022034527,-8.308681120307938,0.7467264494455605
0.20684251345630622,103.72592682505973,0.909577496640239
0.5663657037784217,67.9013786266639,1.5037704630550188
0.7614412744196134,23.706806652020646,1.5037179555199056
0.8671731614237497,-41.11371715049641,1.2428051230047301
0.3121954320826353,-44.719615437411775,0.9202251761814432
0.025563244404484722,74.70597408041819,1.2640902768301334
0.5446508446899612,260.4029099326625,nan
0.1368732203757565,213.07998720426966,1.1436367613154208
0.05540143567298437,87.94567347682212,0.9654870158080506
0.24236949414080572,-62.27926842995092,1.124015006139338
0.00017352532798527165,241.09418739281543,1.2709160775837478
0.6694549039941644,231.07559941610486,nan
0.49632765177862453,-46.97669830022974,0.8992159661314332
0.142018427400501,183.1871021069871,nan
0.05853392269100349,109.45938858543406,1.0317909258440934
0.8352667060047663,189.40925420771188,nan
0.1666606767564974,48.685756496771006,nan
0.1988118795135963,194.29040725632368,1.5299824208729413
0.733495599764828,-14.911824036345529,1.1053493733340858
0.7019950673855613,167.380307963423,nan
0.6904580127291402,210.61623162431783,1.4982788813543104
0.4831823558850496,-9.09274242957099,nan
0.4648912208813456,54.67311816419172,nan
0.6473752642290228,206.02173967135064,1.0278143141463678
0.35563775017699584,184.75297436294528,1.141455941656189
0.04637873625314193,-87.72982790689409,1.1116750269084312
0.02167936393512357,234.98392549232432,0.9291812459315456
0.10542081025587303,155.3343216043188,1.2372432615111901
0.17094163546935282,-78.74191018164291,nan
0.08775599173594482,76.67222296564732,1.0338369298865586
0.9265629231090278,-50.408160707568186,1.6631136046303385
0.15639652505276452,15.11340220672355,nan
0.16876797394927334,164.16940402950434,nan
0.6661745517092689,60.87199077761761,1.5325951328817948
0.6050152459844289,3.3239867220452215,1.2513784489078588
0.8407893148139642,-64.67297142328901,0.8671933432675969
0.39665551248133857,-45.98377433481008,nan
0.11290721575355937,-26.066491197652894,nan
0.5430709793856743,182.0546085799685,1.5826652201961804
0.03035654704490154,-14.31747232926372,nan
0.024287022135738363,163.2626604191988,nan
0.43249559665172166,-47.543598986163964,1.4888992798841418
0.0496973526631298,172.90392918961908,1.4301458683754404
0.43353836182292427,175.86547734243845,0.8558485463172673
0.5301579081891957,71.70757387535335,nan
0.0894731966034156,252.41943819445194,1.1830901404344742
0.08447584465948779,225.69713095354322,1.073368386762658
0.4839654013158248,161.31074608184838,nan
0.35285315310414134,164.33142045015464,0.932132710877421
0.22053331228301115,-70.86275741588506,1.1683359408432683
0.08034455168097776,63.87662933575123,1.641330200395417
0.6068489663584455,232.06239193802136,1.1652430455696254
0.1835921355507894,-61.18417134075219,1.05576650037718
0.3065656841489117,70.47187898378945,nan
0.5900723409957616,217.03861610829694,nan
0.5876617757498482,-78.50669214745946,1.0709824377358752
0.1436156282506314,258.0220593268033,1.1316444668565206
0.28560940529989093,80.5098415171072,1.0479900292216557
0.39225201141091914,135.6838968814444,nan
0.5259134620346904,214.1796671687364,nan
0.34040866855887686,41.06137757957737,1.9440000991540345
0.8207144056111636,-41.86142722338572,nan
0.46133847781276766,-11.541957726784256,0.8117162607664783
0.28070425213812356,6.22433731662295,0.8219354819950505
0.16031912079821636,156.26992498488983,0.9135466857229833
0.3475927546757437,90.08310912689488,1.2871497006139554
0.8721740347290252,-33.40353541414807,1.3381408983296053
0.517755981503577,194.85884890810377,1.1949254337216955
0.1450822798232842,-34.08103290497817,0.9120620032090999
0.3216867094982866,-56.67429432193722,1.346744417665514
0.77829327242267,189.2420993720388,nan
0.10831926382689831,45.13312493525895,1.1591750657975792
0.5894254238004331,-39.0723971673693,0.8853095963658754
0.5392167767563946,25.14480847068495,1.115754296869227
0.09310651845403384,161.9242723631143,1.2817475111726022
0.8646203700388061,186.12575917963756,nan
0.04223800962593677,44.57977191273824,0.8402528154863473
0.08247729030782125,161.2983432548556,nan
0.5741491626557352,188.68662381381031,1.1124605756728052
0.4668910755494522,200.08474038374482,nan
0.5274280520454171,156.33634396817138,nan
0.3876752465880227,-24.076923229770074,1.4240855366460952
0.314785192985123,-37.923991545772864,1.234234566021207
0.9358267210413611,222.8702509536443,nan
0.12937409152651588,-41.05103281360081,1.3387718083103666
0.16246025564130168,-66.41975181138696,nan
0.48716181384105534,80.43961128589179,nan
0.8168113315963983,-28.1052216287315,1.0035267786940831
0.4277594703997273,-22.38833370673833,1.090396748318685
0.29584001389310016,199.52207223323822,1.2676663236310375
0.8208833844119243,199.1444515732543,0.9352562383850498
0.5372927695415886,227.79867342330925,1.0756029735951778
0.41014771802900357,226.94858893179298,nan
0.7321738193935003,-84.75044615845262,1.1780519186280782
0.39557175711023984,-77.46076659376308,1.6272834343419653
0.015454323413355533,-37.17780479546826,nan
0.21232612596204478,201.02259394163303,nan
0.38396716155143185,137.7224904227728,1.4512518753788037
0.4426005869806083,3.5494636520543272,1.2689528024116123
0.15061674199893385,115.27511784923136,0.9598256146778958
0.09208792796340148,205.10262907847837,nan
0.16841818639916784,-76.59604963453583,nan
0.6822219631469327,232.49635817408026,1.6163399200714583
0.13207381318885858,97.90570285768493,nan
0.9483783272585968,-58.981573554791964,nan
0.09092076418984746,53.87922038230705,1.5904789443203005
0.44954193666019554,-71.33435472759892,1.3416174392215878
0.45051463231704003,263.2644007123003,nan
0.29221463692096455,-76.44171364054819,nan
0.11728055303167284,221.8558896611926,1.2743341076706116
0.04269733361867431,103.98935333288208,0.9636005315016394
0.3891584551700453,121.2186378437099,nan
0.19804140225312183,104.14447597726038,0.9044824180103874
0.34945252579516894,57.45703385793082,1.1143892139628189
0.01774642720330802,108.47274413830084,1.5566555153493924
0.898677735253036,217.86577942061098,1.111654211765342
0.07032316778374473,91.52240584109097,1.1251219943265336
0.1658616890569477,-53.75431740022185,nan
0.5279356582288472,-2.7293260861125646,nan
0.9486908179591882,-53.07806368414131,1.0438785084026203
0.2730217587833959,45.29763549788913,1.099299291924604
0.5768159429696874,229.95673599791024,1.2865955599467882
0.49068096652267645,168.364658646592,nan
0.8465792220908485,227.67790790337642,nan
0.2756845821648279,263.3136040236302,2.0623139008541793
0.3353557587527833,-5.413965114322508,nan
0.8816088906065954,-58.59046818006961,0.8284695189715816
0.07853983759990074,-75.00562341780605,0.7945176448209671
0.44764842834983654,238.3050007136626,0.8664037131671919
0.4683138820358046,230.50138725320335,1.4131473444133835
0.7939816311969952,5.563509660893459,1.3834972387561675
0.5318462732686442,248.67576653796738,1.3347140804825526
0.22824426991391084,-15.75843467790353,0.8887292225468268
0.16650763329289273,107.44223472159769,1.2303249833703336
0.6121457365160914,191.91176085179035,nan
0.2257544444230874,124.46145921033443,1.1444898947789428
0.6475741561170537,16.384588556042928,0.9062381897578305
0.24029728416872562,116.23981871636403,1.130944077199155
0.5142204072356819,-57.930956619936794,1.2052145196606685
0.4265543751860089,-17.135512317834895,nan
0.534400591166666,-41.591013313367114,0.853486305373844
0.2862977517955147,40.57024827743701,nan
0.47772239575186004,195.24479819317065,1.070605154151851
0.46297426242326484,204.62361803415882,nan
0.04276890621718382,249.2291996274825,nan
0.1001637191011868,35.703444066921776,1.5083479913408793
0.2895622704230112,238.34093760379102,1.116034004244657
0.4465656514822015,-39.82487379208076,nan
0.18777699135854464,159.72413532351612,1.4631321596805973
0.5459835296068775,217.6843265956617,nan
0.35794667396905056,52.199400073245975,nan
0.3394805829471438,-13.223905384014767,0.9862328685503671
0.1267129408808641,113.45631218443735,1.224055173547364
0.5346138583680323,253.7470411733988,1.1898398000310473
0.49904731246255485,216.9206834793479,0.9129511547864947
0.6818830253723089,187.60498396654845,1.1433395808518847
0.04710424554814058,204.615164715543,nan
0.1200853279605607,-70.76350781870872,1.0150139919181433
0.40664008812811564,-39.11372409900355,1.5214015984459615
0.18438538666782917,-56.82481871348503,nan
0.3275485364039341,267.3547961135834,nan
0.47981026208396493,197.004960586444,1.3817756429354182
0.9694295122403885,-84.43222326151312,1.2333208068447716
0.46097769876890526,201.0191371599874,0.9942085687933915
0.07848529033255164,12.15096965307719,nan
0.046384177633508106,58.04112836919626,nan
0.8277912151201031,202.0191804559979,1.6534901754856783
0.1437495409719679,-36.570299842211085,nan
0.35178949846956564,21.01222497635122,nan
0.10036177223287779,226.0797777636816,1.5319366199126645
0.8456864554362744,-81.78221808807001,1.3929529531824343
0.5077629261423606,222.18717883860555,nan
0.5186605227042842,-1.7528933713971355,nan
0.8196482661027665,-53.569746109668735,1.2672939813811097
0.5172751860056093,215.95509262758617,1.0200566446996089
0.5673928923842417,-27.62010222900773,nan
0.12143753715516692,259.43872853651203,0.7656699178830382
0.15624713219552006,-51.35958502633427,1.1608507051281385
0.18468497683909052,267.99412374803325,1.4503226455759741
0.349163057964063,49.66597139470732,1.1215714667532852
0.048490992821800326,82.90914251149772,1.1152949253449893
0.8330124702082048,230.89030755907572,nan
0.8514829901807531,-13.32228569718211,nan
0.13298940099819145,77.34175920012989,1.1208540013021937
0.4844211397022644,-47.367514835595045,0.9565799551679482
0.6015232604624711,227.64031643330034,1.2489438699591675
0.8238847349669518,1.2918955643491188,nan
0.7264395918222502,205.3613387881891,nan
0.5359378421662766,42.27749370292991,1.7225935790836076
0.2739256225232234,55.37204009266162,nan
0.4425974601818388,239.65122013720452,0.869577106310274
0.03292745797579613,-22.760151238929673,0.7950216502242536
0.15370023292284982,158.7541040829284,0.9261189939662889
0.4140856768442757,234.77690841910777,1.379756296553947
0.051968388049824205,159.19671788353185,1.5587053852510517
0.3806169827722806,196.37658457949877,1.2618932691829625
0.048868060119712675,-60.09721270929159,0.8313006818093517
0.03423553263721864,142.83482458743657,1.482444606320619
0.5117763691582206,149.55091656470194,nan
0.10952438964813933,-31.592597612615776,1.0638532048420875
0.6154221955405164,-49.661079110820864,0.9052503718742987
0.3411935030944755,141.45831838328215,1.1634343932438658
0.5555440377067438,-14.053713104828375,1.1181772201060598
0.7519692481056701,156.75152072602384,nan
0.652576936237866,3.5942109384694163,0.8572019667887992
0.41181607539053533,57.59721430726134,nan
0.8839313987454002,232.4568322715936,0.9543118133136385
0.03971522542821532,-33.67764802412978,nan
0.05030769405122093,241.9146286997917,nan
0.1829737784942297,-5.809094457748799,1.4982759189138093
0.09086943387543794,118.07677012032622,1.2277035320225342
0.21489723248856196,228.98549495195664,nan
0.02597798645693955,-2.0761677361458624,1.4678304627205978
0.525770059779697,209.91892622381857,nan
0.4372956747034723,161.55400801653334,nan
0.182582940698209,-49.75666152755309,0.9997507702907379
0.3469094784723177,-69.03696799467969,1.1553073474196263
0.7357378966641356,239.80034847952626,1.2311425464772576
0.5110302076474963,49.16815771977872,0.9523619640444534
0.8725613361890023,236.83636350652785,1.1302514747315318
0.2440286414150315,33.60654043793139,nan
0.01613124678567432,122.81969199567158,1.0765659165296757
0.12550299775630647,51.9930587916956,1.6449995760599423
0.24145998973615812,-38.593770547513685,nan
0.13507289489969085,94.8135959909927,nan
0.11767886508885994,111.54575236398408,1.250485585359771
0.017419468227497847,104.28613828915007,1.1335191924717354
0.12450472872393772,234.63964456812852,0.9240197525375348
0.08423491175171022,142.28938652291384,nan
0.13355076320550605,54.278986965580145,nan
0.7986936620043057,145.45009351513647,1.6448396777732295
0.34176034871867617,57.50173642176499,nan
0.8252402284942633,-13.991744616632104,nan
0.21063880618094552,148.4396910335322,1.6669534632445953
0.3358225047587399,-43.14189999982764,1.2791900493042778
0.07582840045414257,212.02309063399122,nan
0.892866400894048,-9.515861225307276,nan
0.8122469655805,171.4340040704099,1.2678982378308261
0.8243038983617443,190.03191272792748,0.9617138321392694
0.12503953896178535,-5.350266984218081,nan
0.13659055204204085,257.05707832199573,0.7985168776839952
0.5292659008056662,93.00728711221845,1.0907304926893246
0.38995658146237244,64.46466181133472,1.4421175627196168
0.22470380988442148,198.75129586998833,1.071514600687943
0.08366050729288199,117.1562677579812,1.13375191561561
0.47564166931371205,241.79600238827152,nan
0.19298987579405336,194.1597123362842,nan
0.3054640236268167,15.997317662274696,0.9658749333691953
0.19073949410381552,24.303707537489203,1.0857335777872117
0.5013515185057091,248.7489354272413,1.3544386482104012
0.48321638122515176,-43.508487268424375,nan
0.8752706027238818,265.4126515124592,nan
0.2652051423475922,162.2613023058825,1.7789642661028804
0.15170708531645566,244.01804858058432,nan
0.007173276654421468,91.00875932032145,0.8774565312140087
0.06560575509254221,38.17386829206752,0.8208991393207534
0.1387876512945228,267.9879539009888,0.8631514819568598
0.059847538488365354,92.96804608191135,1.40104950502245
0.1832205275706765,124.55299633621087,1.3329478339658747
0.20927939409194524,253.68863965355803,1.1233987654829334
0.30301279027815836,228.41976152074852,0.8796492544618406
0.06157541140172712,-12.961139593941475,1.437221532158797
0.40868751576233614,248.03042408617966,nan
0.8088607250741398,-49.808073605080494,1.1297878186833883
0.7366804994677669,-85.66161105763973,0.940506239061449
0.013226226541732666,221.46893699822076,1.120178526451373
0.43901311209299515,12.333661686661543,1.2342816351158115
0.5764150382696013,252.04116151653045,nan
0.8631761897906849,-26.515916454393135,0.8511765922877168
0.316506583772281,53.79272538338061,nan
0.5028505609107059,121.87044347276463,0.9960988352695913
0.027042513836873283,-55.423254836436335,nan
0.07234308539784663,78.60426442655728,nan
0.11493988327032889,201.2345324562491,1.530089864087102
0.3283737666990063,186.73949404270576,1.1830241161921764
0.28957370648569264,221.57069347938472,nan
0.055223381612322486,187.06782283405795,1.4085251780842478
0.6505352228610649,223.1235406610099,nan
0.22943719015164946,135.1764277775124,nan
0.36919472059677083,239.18175414548492,1.0439306452709411
0.23825593312675897,62.279085881504756,1.1213386507222294
0.5230996223895682,265.6707905508485,1.2747772382275129
0.5810700525586878,-53.4920550279362,0.9185538589495925
0.26611790505587096,234.67599139154453,1.0855305462000358
0.2945931557990246,245.64217441043985,nan
0.1380100968401252,76.3232193679043,0.9827206237289664
0.07391109425229786,164.8170013363594,1.5858209789304005
0.05356910329160308,162.0970506013134,nan
0.1566046081246424,245.41900681479078,nan
0.19560661578533706,-2.4611537389086777,1.4762709572074904
0.5071988422437455,177.2013663328673,1.1382698758006893
0.6030283292818812,198.8703894798483,0.8610662717169153
0.1965711549682981,242.0239078724452,nan
0.02868433346736657,-87.12061950747602,nan
0.08639007188475996,178.32171083801725,1.328872105776523
0.7702431546108066,-37.63157215072053,nan
0.9012349134985986,-78.17374273769931,nan
0.31748752100287614,174.46383984034722,1.513230310234808
0.42240048180044487,166.37349808930355,1.1945245936474687
0.32916693921853113,262.47658721804606,nan
0.5208580502295217,-32.05184276358685,nan
0.5586064455653181,-60.22358716065841,1.2705695899337344
0.464978083396138,-85.1903008312863,1.2011268357608706
0.13731757825609398,39.90728888537112,nan
0.20165686710123842,203.6926799825371,0.9112446167907622
0.4576344366504398,-25.305944425359826,1.1066931006040173
0.7455973819703253,194.9459226245643,1.3423242088396985
0.4309399131433822,248.14043789158922,1.1117161918436147
0.23783641428226007,3.568723119148018,1.0370735669176168
0.5229279662256552,265.25667045367186,nan
0.08014598738738499,265.17549571483244,nan
0.6015314021100332,243.7632345729617,1.0595128831854248
0.19106364786787705,-83.54699814379747,1.0997240196670461
0.33995765829962654,88.6526100850376,1.218718336005511
0.10763469081854032,-27.454827420810126,nan
0.31962992560462566,266.33178116538966,nan
0.5614626823233504,113.30289240061012,1.789741989032482
0.009674832551921773,-29.9899018323908,nan
0.509975831465316,-56.5708435895295,0.8310704701345681
0.23897175055289094,201.46885569096605,0.8824329669391661
0.14074677714542305,246.64645564020947,0.8914938531724247
0.15741470320216802,-9.789969659595783,1.4332405100984007
0.12465097784718851,-78.77895618695551,1.3634464847768204
0.7493273443849721,213.88121217571688,1.3465936289098932
0.1031441295331777,159.27948996524503,0.8966786561307994
0.21128630231143153,17.52300922525795,1.56349052607646
0.5567821817048939,61.19951934156188,nan
0.7262126130978985,-71.44146265000808,1.0314265330900532
0.8687045861097689,-24.627043520695835,0.8328275131042536
0.5683810696611445,89.86380160101295,1.1266557774111634
0.4354956370689626,254.1298451660159,1.2729406955353286
0.28435346584307075,168.71000663992552,nan
0.2634969724989854,-18.802056914208578,0.7218962902643975
0.2918989469164017,239.29465183445814,nan
0.6818352034503515,-3.275605823505259,0.9874953346542031
0.3412180292046406,109.01501726683694,nan
0.1900622718335896,46.830751887220885,nan
0.4247382926822535,107.23949857749238,1.473785736036045
0.766891338712035,183.1978712022027,1.0603469864233839
0.403924669283261,106.63058928941979,nan
0.3016302869559911,-87.75728689825087,1.4834910972834758
0.7477545619445738,228.14789142824213,nan
0.10072436534439635,38.04329702058905,nan
0.33439748919859114,222.75477193426968,0.9930883286119707
0.3705912788900967,-49.45559683627097,1.1316516071784535
0.12691791675284972,219.43763142573914,1.3863754574210554
0.45240285937646735,140.15783603531213,0.9363140499907263
0.3454266235484149,129.36103955855668,1.1533824741420424
0.007520744066915164,-56.821399570903736,nan
0.06332667591872243,147.9028465156968,1.1006910309137514
0.5004322158572297,-83.0122994642675,1.7240968553784533
0.305767213730444,245.77567189246975,nan
0.14339463143989953,239.16159051227496,nan
0.0876765158035539,64.8777343830948,1.4300182025671875
0.0021995414854411033,17.18705243491746,1.2549939004013906
0.705507840716072,231.5995589207484,0.947169789473903
0.24487464123314379,70.30766793723387,nan
0.012031635400086033,179.85259546605238,nan
0.3022611651619561,-83.79258743538026,1.341306077949057
0.9059342272875739,-37.03878331599312,nan
0.6710800885184245,-59.898702197878904,nan
0.762474163051674,-54.03710060707988,1.6097430427185608
0.5760939275547783,250.85957889830982,1.4416650203215582
0.0060194944778058646,234.02240681102444,nan
0.4364091028472952,12.324975955617418,nan
0.23322786774659737,235.34601012075777,1.185044802715362
0.7412321763834662,-78.11586475870627,1.0160065150174495
0.1682287994909724,204.126737404645,nan
0.4083651135219519,-10.792937145664087,0.871195431526367
0.6215936644684527,228.89979461304807,1.1036308530983419
0.7768927397465407,224.46154719341874,1.4550941574440945
0.185855749459083,79.17262431622888,1.1782298101449769
0.28792011954415825,-69.99795992734445,1.027434958596285
0.3027109982389613,101.4471202055984,nan
0.3270157223934666,-0.3159635147971436,nan
0.7516940890348275,221.79856825351135,0.9278710534169902
0.4097777411755184,51.30346973653502,1.1148817100269657
0.09701550960157745,165.44126216340925,1.2435501723859146
0.844004107539883,36.014303757610804,nan
0.23779447990924585,136.9170214950448,nan
0.10603680206811739,-33.6332272441264,1.6578276743335383
0.16467472630825153,238.99032694953186,nan
0.2813778194704849,-52.686504132478014,0.8315200892528504
0.6219716612161995,220.92383228905783,0.8519029834140217
0.3735050085828526,-19.619426712443534,0.8783720165873653
0.3933702905605932,-30.34065139358278,1.379797789399762
0.03312291057416228,-26.29951347380627,1.400127251631118
0.4473614952383292,106.90578766043143,1.2151469299512812
0.05266632849010511,-61.47989812160543,0.8974993328481806
0.02763769408833358,199.57868565716063,1.4949294047912032
0.20346206984988666,94.56890199423185,nan
0.2875705158112033,-57.260376898567664,1.1587752409502334
0.643746774855209,-88.35610448809055,0.8867908796803445
0.37645292921122586,-50.18551067635501,0.996094815204982
0.991779369536813,237.75245237400563,1.2766158077696528
0.3462513993141501,37.47142520992092,nan
0.48299247822379565,34.06440043707564,0.8469550748103947
0.12669341346581015,20.53280268867873,nan
0.3301759123761502,-28.444339266554035,1.042381039482129
0.1873274820244426,212.61962361076974,nan
0.1940196557499852,23.479402401800026,nan
0.5815760621682213,163.30927527504093,1.5899620548030742
0.2114316236952134,85.6882141485152,1.0958961557142604
0.3058664345849452,23.516649237245446,nan
0.28126357066966734,-28.072009232247296,1.5305245040741702
0.1749982523082605,249.55913292228735,nan
0.05098164729943022,-11.19866376319144,nan
0.50559277100248,62.068000034097935,1.028326681652996
0.580431795373938,131.43741782496184,1.115637488836851
0.25720510994893186,-45.79149171249749,1.3597570963991326
0.19764904428663377,199.7417838285769,0.9916354655406443
0.07634478008639656,251.44256831160698,1.0659837086686308
0.5039239135771626,193.58129178486124,nan
0.1711958669373254,143.81579450642016,0.9521675750523734
0.4190599995026755,40.38127254792619,1.7210442233184602
0.39084231927032714,174.4770400604151,nan
0.5407661065567325,-57.13863440048026,nan
0.1204737813244442,-73.59398714009917,1.3074730900862475
0.4004931355433551,54.01057340158275,1.2395326144950454
0.26751997002643346,123.35882371345794,0.9181539882904127
0.3054459870853808,-20.60537345233071,nan
0.08106332801251165,182.10243932254423,nan
0.5142738243606466,-0.8409669695593553,1.498072432887324
0.0771389392335683,105.32983384235078,nan
0.5958962463467206,-16.27277937391497,nan
0.31431851196567706,-69.70775552907969,1.5779782922797887
0.9885929397160715,243.1153920436397,1.3432027256940815
0.3958919760717923,-78.11304894020412,nan
0.37973663349008424,-47.16452321562143,nan
0.011095302110815719,-54.185856081218965,1.3679302880808955
0.07511107202321429,-81.58984278180156,1.1795335897065418
0.23100140787452592,197.2967797112083,nan
0.11731695310467671,-17.800546297865516,0.8717930242941244
0.485420247640204,70.51981354615275,1.1687428968389428
0.021245929765637828,16.808598374160738,1.4646883946554894
0.22516906544473092,-25.73367320519563,1.2752222686682746
0.7301623961193916,33.67709684010679,1.093378628896582
0.12501306798099276,173.8828521678455,nan
0.39930744310722854,-56.08251065017578,nan
0.39784103421753547,-9.072453220040984,0.9803988956025459
0.17313039401693328,-56.0208617496977,1.118152316356996
0.4150618504174676,96.24309483487511,1.2363906114511225
0.18987733005801033,36.221522520590746,nan
0.5098755827579269,148.674426484229,nan
0.43934248839440515,188.94373899443656,1.5668434772049782
0.28216534574248986,-79.10098955267165,nan
0.904185579599967,239.52606920085722,0.8100602344087825
0.21247193658113733,220.98285694493362,0.7521279211102266
0.255745591505815,-58.64749120243332,1.0314364817052053
0.37165588234984975,-75.26599583961189,1.4717793728231026
0.5126608945754159,261.93373103104807,1.3532432141855009
0.3119405838673128,204.5089796118987,1.2437813352507487
0.4817238654404642,-60.34395157628035,0.8636446681955134
0.2243415346763793,236.88493948412304,1.321854218559828
0.4733513148566142,-39.98191080799977,nan
0.1400911290129857,195.2638905018276,1.1801625260630177
0.8321979112142013,-36.793811116476746,0.8611767018672888
0.48544745706188597,-0.22797193949576755,1.1452921606318256
0.6535889402680211,243.319510138341,1.3063607424391528
0.4500823685530074,12.357955834715227,nan
0.3316774803739022,208.87162301633293,0.7399815428212453
0.13698078855653317,-83.36867705037403,nan
0.11864636091162362,13.062844577547548,0.9548166293717335
0.19754735728208359,223.75552881002145,nan
0.27658256203244036,-18.803225677610783,nan
0.667744842726663,233.70856919655773,1.4446410248151182
0.6076040492823102,63.06844175391703,0.9736662710937817
0.5487337096825019,1.629222407216159,nan
0.396588816478064,-78.49343702006949,1.5105883286422706
0.15432004549399073,39.964227790780434,nan
0.5008968086423574,112.13864234636459,nan
0.27791099262534524,4.932374908598916,0.9922183317649512
0.13527281735575547,29.26396631105945,1.2637958906035245
0.3674285599289083,-35.858690087441616,1.3839253261262587
0.27266953817870976,231.1671661884884,1.0213336280825898
0.602334196251443,248.9472427503611,1.109035633741153
0.6751816602610441,256.88194620297423,nan
0.4625018995217738,-77.64256095766677,0.9891272681053155
0.8711193335684371,-55.54894674021177,1.5563983076525851
0.12968621032579108,153.50147008528631,nan
0.3438742888789671,160.25398647217548,nan
0.016202896372465244,-15.48864030118358,1.3179735222840445
0.16519514051468853,185.81961544577769,1.2991329261153488
0.26359448451170264,106.50499836333195,1.012142351969828
0.525053091839433,-81.48644475237333,nan
0.3141792879774162,159.58688274559478,nan
0.4152026845676781,-23.378453138524414,1.4187855385831918
0.05960647499217181,218.5140145611754,nan
0.7805874501280096,-11.757614906625065,nan
0.33091319613257436,17.11986689253635,1.55130702299245
0.29762351879031657,155.73082652225284,1.3714247630922853
0.7035098808346696,-4.546755248140762,nan
0.5274631278467187,151.2807978696062,nan
0.07786276462026909,-64.58159398629397,1.2064226788557744
0.2756824745363324,49.10315016931442,0.9828644892764736
0.3098134284061979,255.01894869999046,nan
0.3544633184211399,-39.26695778379323,0.8646408101493603
0.43149360783263346,248.5984071436571,1.1010569108223547
0.6724371039026109,186.23055613344613,1.4139244976600565
0.038636728477493554,-56.49908577331641,1.2017347180934572
0.6978513849070266,-45.99653726426641,1.1552395990857625
0.32352778811989835,-53.61850521533758,nan
0.5659510072115486,193.69442460535686,nan
0.2925929876762454,54.920892031938386,1.0543927328132932
0.22590855563541862,31.022142817902306,1.0507314889205082
0.04209059165404419,-21.773107547076762,1.3089648149624504
0.13869752543939162,140.92987411030512,nan
0.15979362683631648,225.66435332974999,nan
0.4451540943009912,220.4143956429064,1.6202050523995193
0.6278312239237956,-71.64326241318508,nan
0.6878922304238244,-26.781555968724767,0.9152819344883183
0.13225674560512574,59.5611012388473,0.7995457040812726
0.4763516036797988,217.31496134909045,0.8836459416918485
0.30018106496187885,184.93365281569984,1.3511004396940858
0.2696625723251274,240.946104640549,1.4849147487733731
0.8104518496117423,247.70694193741934,1.2752486805105856
0.7093554953833522,6.600908206720703,0.8174612326658381
0.7459707133479427,216.85944410669794,1.4517497623362283
0.16275707262318928,-18.11387483301914,nan
0.2471572478595932,209.11581229797216,1.090898362128001
0.9679344507693074,-37.28110663502075,0.8180223106666502
0.27588911841957864,-13.765567852755396,1.0684795193322856
0.48338066009762665,-88.35320838378797,1.267670032428475
0.3319052942978147,-42.47603695746389,nan
0.19572231643781496,263.67281839427756,0.7379764710758813
0.06085680463339893,5.156666977884214,nan
0.1635789952498149,91.23405756422092,0.8709179351578429
0.5303657988279896,192.25030009411645,nan
0.3710769567788814,-19.36221955732871,nan
0.7097377792335373,47.5665703290276,1.374420403570454
0.44663725407473254,230.59986704014085,1.0865901622544045
0.11977733228648801,-68.73232489711052,nan
0.8329776129126334,-56.19486117172758,1.684720366901886
0.419578935217785,-74.99426290374345,nan
0.4696011561035339,120.60924533445993,nan
0.5263861845037887,194.20727953098753,1.0407836742313317
0.02112733862303362,6.682652306898746,1.2281944243503247
0.48185072256423955,-62.45654867329696,1.1526264386576792
0.08752920009111298,164.2669452656483,0.9737578787913833
0.32015298422293403,192.9882433832759,1.2253305429375874
0.4277750162438665,117.03386564635134,nan
0.817328844533233,-89.65488047128974,1.1074051733654688
0.8425320941452363,-62.97694078329525,1.6131123511484222
0.08134187609997645,-78.11808448142737,nan
0.5766316100380712,221.307719950754,nan
0.1290449447648786,134.83067723720154,1.3918316663747963
0.3860482113681798,74.95408737561844,1.2392850947447536
0.8485108813994521,246.8821311656789,1.0002519108509909
0.565616032016696,-15.777454845833276,nan
0.858363380334425,215.2294592220773,nan
0.41991818440874973,105.32890815780515,1.5207646097311263
0.21948312906898326,256.5270515306345,nan
0.7148011239943459,-32.580446669174705,nan
0.26618538249411194,131.11327989293116,1.5738938311852633
0.2553956425561809,-15.902967372432272,1.323915776434141
0.37225402210214903,-50.5134315909769,nan
0.8838469012138154,241.1904659066846,nan
0.604566291424535,69.41916853465025,1.153015262778531
0.025814336914463193,45.11476494402956,0.9232328369623553
0.5475924616888612,155.37693590863825,nan
0.5355782244458148,251.89289177685637,0.8435112467904694
0.6065565312880635,-42.124329102748206,1.2701095529932525
0.4489332066473817,238.20370050171863,1.5397062419481553
0.3324267936390587,-15.421545471155909,1.3252025762000816
0.558613996552854,1.2134490111490095,1.2154452322060547
0.33678532835658,16.384346141138252,nan
0.7732670638262105,180.43103897099897,nan
0.7173893688760514,190.14249931362568,0.9088518355275916
0.11967266632433238,47.059577562046655,0.95435729746933
0.4934070972200034,-61.0729760087203,1.2607717805406577
0.03189641840955981,66.93714912600254,nan
0.2631242833942887,173.99239077419213,nan
0.3773017463324155,243.83195662036127,1.6977842835229167
0.6479114122932139,-88.62785329523966,nan
0.6681298727940665,-81.09486090751301,0.8601899955258796
0.09533771037991802,25.139647889434684,0.7690044062776804
0.288312781089524,213.17411218098948,0.830714347787242
0.04118497456900133,94.42101055897615,1.5004492505784637
0.43645542797904663,141.11213664624486,1.4337891303189814
0.4548939008249149,257.643359015914,1.1793138948317519
0.5402575645073452,-62.40845970949532,0.9078081451399113
0.8857959725010605,232.44835693915428,1.3953390779318866
0.15816819192672282,-75.68713656432364,nan
0.28368278536824776,249.47189809289398,1.0284915429454176
0.5528366611503732,65.03101477842297,0.8416671850315864
0.20064389165236352,32.92073005526065,1.1903787991125274
0.6025856172101154,132.41816596211768,1.3984417279812222
0.4450894635461783,-83.99033233804201,nan
0.8230370319372542,240.69872017027527,0.7871557704682279
0.44805042999933015,-58.40860041208548,nan
0.4694655109847929,17.29339301293882,1.0291078529589923
0.5534193831612085,-10.59218357229122,nan
0.7042102112631646,124.17530393058755,nan
0.6599740298896165,9.110387467264616,1.5544305966857683
0.4615347460058643,195.7438821740191,1.060914968093285
0.29543259479835493,27.395145607761478,nan
0.5662490994903806,-78.4674127553709,1.6023624675433776
0.048316377754876405,15.860479592731195,nan
0.7765733301853832,207.03266132138324,nan
0.8290471976164417,211.93247282466194,1.0771380317890142
0.1488893393546994,97.87034635063416,1.1772968567655642
0.8395031054205168,153.09421326772684,1.1918478165565192
0.05423455705576552,63.47523720730561,0.9048639956914984
0.626514693504738,245.48437148036894,1.0853842597097079
0.08776627645903134,192.7142344895738,nan
0.5470200591280152,-49.66756874782716,1.1084103971476817
0.7331774273418039,-70.47086129852173,1.5601047672549686
0.2961164760934689,-16.144609393374964,nan
0.2797130952421316,141.87696564168658,nan
0.36774505008698777,106.94776749891554,1.2488918519897156
0.4380423106715179,232.56556137550834,1.3677863677093496
0.25365947452581483,176.0930033732097,0.9251188527627543
0.7094358814730677,3.127395536427663,nan
0.8942116271064194,260.8334947830394,nan
0.14129151549471264,-72.95448222045152,1.4902792079145306
0.22100534985775394,182.44395492261344,nan
0.18736749276193823,126.27518725414623,nan
0.6585710367053469,-40.71962263316887,1.516621182136424
0.5037844659960077,203.72576572010473,1.1699541194319194
0.5406092637210997,-72.88049570373393,nan
0.8965434729338964,248.35102146815234,nan
0.3284293512721042,2.3404019008831085,1.2200344500711
0.17046415763433626,6.8790862618573385,1.0671576231427848
0.5327279430171807,-3.2087637514038363,nan
0.6260153124559533,60.864186747986054,0.8618326272830579
0.6425166565265388,-89.12944757557139,1.1691031861184544
0.28850019170059027,215.41695566013505,1.6587597016705424
0.2580435892767353,35.92262518449306,1.283689110577584
0.5938429689073248,-56.23138109356066,1.2030782080314566
0.22318605953514814,-67.57891973313224,nan
0.6825629678527585,222.44486523406508,nan
0.33092708660755926,115.1300414799364,0.9405325368643831
0.04065653233702827,-5.650007923785182,1.0950604045386962
0.3987626707237296,36.64571265487557,1.2613236186356889
0.44234708082775714,107.62574789517089,nan
0.7965558094756195,214.5161639951321,nan
0.10897638072903437,5.919205947740636,1.8149104158941494
0.33149299097951646,-28.86471113303469,nan
0.5849758380760339,66.75341847121496,0.8455820511556308
0.21063922898502266,-68.31526866444216,0.9134667444889317
0.5459417823071511,193.1277650490124,0.9099510178216064
0.43780854119818235,121.66528200441493,1.4453341954979275
0.19410909133079918,251.31297056710747,1.2518540209718727
0.07394645681429196,159.55276676138607,1.258331329968552
0.7948233404013598,-43.92147481450313,0.8732703230145512
0.6708180175865662,171.26804838801746,1.3507283719457184
0.3635662989455253,-64.04892290861983,nan
0.06389372005877444,185.5931738159299,1.1807331475088365
0.5395569727414231,127.72265787880703,0.9052083662796466
0.8710339230930899,-46.16744006821962,0.9886637994460657
0.6392226713361344,261.0266303941648,1.20599394677177
0.1531285922626976,-55.061981620685714,nan
0.39260795515519026,-23.730463418515626,0.7426290939612908
0.18858061031333034,101.94534726511935,nan
0.28798524917935897,138.05351637395023,1.1136793632950615
0.45287846106381535,-35.29416922355327,nan
0.469624492161118,47.933493220457166,nan
0.4933790256940077,-62.36817074465104,1.5332320378043263
0.2530205679319894,-56.0046460887012,1.1606535098758173
0.04941444478345003,170.0891141552346,nan
0.9452172266128653,241.57139047993675,1.6565235637257962
0.2690770064166828,90.21208533343129,nan
0.40306234277270914,224.51979821899803,nan
0.4046873993015648,-8.10511591150366,1.013474998748381
0.16873922652474055,57.714442315101536,1.148985367487363
0.2771631358070935,-27.836444816805397,1.2220841734506656
0.3383242740174305,170.76140804457864,0.8817535015278435
0.8082316859047465,229.310586300309,1.1562627547321664
0.22559355499593697,-4.979475150947202,nan
0.704117184961102,165.5357672809665,1.0404711910012607
0.6476350613386421,-42.674334821109554,1.6866922919765097
0.13592071118997728,-81.18500033963662,nan
0.44472338850445864,92.50411526973267,nan
0.487137955686827,-67.779561345148,1.3577333950826735
0.23999791759798417,53.387870566419394,1.371322464229306
0.024463355843305057,233.60379797339147,1.0832161522098962
0.67002377339833,-83.85662809121824,nan
0.5477135234833883,256.82443369025816,nan
0.2351413709982889,-21.468272557162052,1.4317287837505013
0.02899144288129174,228.39274607711383,nan
0.6109488285497574,125.41198628808056,nan
0.8921354574479494,-73.9769894090968,1.5444126422288118
0.5666707251384449,167.11323051446266,1.315363046975798
0.06258442606779102,-34.65685136000785,nan
0.21061731612734952,-2.23653650018867,nan
0.002090807814395912,67.02329681096874,1.1570650352688088
0.4875258377567243,216.7278817776609,0.9561501839153739
0.6129866185646395,-44.88742170073954,nan
0.07960840416999469,-65.88002662102146,0.8275254641549851
0.5270334822291105,-40.37967678847879,1.1271938954216212
0.2450575328282278,55.15917565096245,1.572218996341174
0.17077511525360517,47.943683004306976,1.346279208155944
0.5237495004530278,146.39585440886904,1.137019317936423
0.03716329133417329,155.14813616452852,nan
0.41920850380846475,198.7656832607708,nan
0.6152735056114237,134.30511970354735,0.9736417516563012
0.5021705062641534,54.31681307752143,0.9225242183135981
0.3240165640966734,33.133139007200995,1.3633657959945602
0.44337453939623506,169.03760244250975,nan
0.746431622241941,248.39161748924164,nan
0.5139840763312656,-89.91222484706307,1.459165627530393
0.7447303089918214,237.39434982738447,nan
0.33555882963047934,-27.79966616357953,0.8485458452045161
0.15301716785475433,-46.890295806582884,0.8008336933203036
0.3327209607676027,198.89880615748825,0.9394204953624338
0.317952804297854,2.090404834148302,1.5465214749774037
0.27987793402590777,158.99250930777401,1.420598632003522
0.13042779449267122,238.60363700762457,1.3264301768078401
0.13728819639564865,9.328702405697669,0.9044078862988069
0.4328765545184169,128.4634986900168,1.50154663760524
0.28808474718165883,32.567047914420634,nan
0.3066543090973083,220.4930997544052,1.1268086037374436
0.4947917773514753,165.73651961853358,0.8736673702072071
0.7606314369379924,24.07668108041682,1.1370273398214574
0.6830406496377385,232.4854880282387,1.300591247490146
0.10193916612340387,188.35372724604494,nan
0.9180225579907881,209.87776188894483,0.7546255295383686
0.016201752405203246,55.422279372189536,nan
0.5687597685398373,242.9025972696439,1.1044955690822074
0.6909897312558884,-52.203047661439044,nan
0.49283185048863065,-82.2445735513974,nan
0.6261258303352167,3.7177535816427536,1.5750159417649292
0.06675427000155049,5.254937724546835,1.1027252160200012
0.3832543430780634,115.9585009869033,nan
0.9435034060435037,240.3073145992154,1.4822016410632337
0.2773514122824529,140.95697066725367,nan
0.6981935139860542,269.8059118859682,nan
0.48888097102511674,240.03411235749002,1.0787306292340197
0.24430619968915718,161.8590038788208,1.1062976144403494
0.07904543429663197,68.06811064316756,1.4314891113467103
0.1724424207319346,170.29203780197696,0.839799216258526
0.5334553346155407,199.75426430119953,1.0790030451578698
0.5333347405988704,-52.0899975701374,nan
0.7306532621181028,237.37947507515585,1.0601514036667294
0.3756889719756016,122.87355635499098,1.4677746948499528
0.4952220007347231,21.690956836712274,nan
0.5125696440488063,218.13021398647413,nan
0.10996010467262138,266.6907047218003,1.237389579679369
0.32279449263367455,205.97682839971856,1.3442353208097235
0.4048029586754889,137.30470267824998,0.9225402049705981
0.07381452009501789,1.8533068347271353,nan
0.08037963894556763,143.1219436984541,nan
0.1910750771731722,31.462050516960403,1.5017099210701144
0.522682591271,224.39745294613755,nan
0.3679586864881363,201.8386185315857,nan
0.33946146736102156,-55.00304261071753,1.643901044039201
0.3266494602525004,88.97813948919898,1.2397853604546605
0.036776041171678486,77.14024568834682,nan
0.21746453709663083,132.14064896643848,nan
0.14695315285277039,-48.77247480936691,1.1671281314447233
0.5635826171600787,213.61762392950155,1.032939475114224
0.8896090522492313,-48.44948470040279,nan
0.15030292457311467,95.2721523345439,0.9403847434628873
0.6259318430873457,12.989782573644504,1.1147735062293842
0.1162859774626944,2.972475810693652,1.618989904098594
0.4867896592547988,263.47408292105365,1.1603008718263714
0.6292707421351712,221.7210684159388,1.150068578606833
0.40086213401078924,-20.92535358103018,nan
0.40656907485800103,131.12069067792004,nan
0.4376585530476527,208.3483627840741,0.9752251226394689
0.0041325104600188345,164.35574940661638,1.0471115801010897
0.1125787686037303,86.4911419364216,1.249058910826341
0.3606783741517561,184.51467170930113,nan
0.16057311139296737,177.58217972104455,nan
0.4777667255669827,-56.73739722734477,1.624190987815781
0.6189414811105497,176.06855024140467,nan
0.23922094860442453,239.83080000630582,0.8917958204003119
0.09386371339073521,113.17404075371401,0.8385408710109982
0.8069587076079536,186.7014540711003,0.899347262233983
0.18987453445108354,-18.784964460183232,1.4019206466238685
0.019226950569229295,127.84417353964503,1.3339649863880947
0.14170860144200234,184.78202509145228,1.4470004221553185
0.018925710729453288,26.14675947670753,0.8697949150029908
0.11677310726284806,250.78486723550722,1.3314722072956533
0.027677769335182845,-81.31494568456384,nan
0.661089671004486,192.85738928435063,1.1181448565351908
0.22521084723879473,136.90977948224258,0.9867092436252164
0.7129673153951982,-18.483946679264953,1.109372577208717
0.16019209222286981,-2.360191266440374,1.2649259789578706
0.06414836977798921,-60.11497845310802,nan
0.3826877516447267,187.47632611102708,nan
0.6989694871289027,-80.42834230162251,nan
0.16313669094105765,119.60121489486527,0.9905212997161663
0.895513543471171,-69.97688442406587,nan
0.0934847126249007,-69.28608469434418,nan
0.5210959313577992,4.627789098718949,1.547998246442462
0.41470927858440665,257.7586778667283,1.0274320369559717
0.4201305076567745,267.169773811151,nan
0.5830855570392192,-26.72284526553986,1.4881172562009837
0.4076916831271943,-74.33957217255762,nan
0.5754480602708387,-23.368331717136385,nan
0.5468964636358441,263.6394177162337,0.9499396932741351
0.23238840352646886,182.47746590508785,1.1794203021216807
0.038225372006562564,116.11932971431744,1.2944846160233356
0.27933647038117426,259.3965246355303,0.9498467836485545
0.3896903885479009,184.41082941826778,1.191839226268711
0.6708986003383138,-50.256916259398054,nan
0.45985803353798604,129.5350213869341,1.0811817030649982
0.12240346324082318,256.2533974833601,1.5659107705928916
0.23785031663477163,169.95815989708944,nan
0.7077871734090668,181.02602298746967,nan
0.37071414379575357,33.97098917303309,1.4207690262588368
0.16063640290885806,48.91216870511661,1.4055312648086307
0.04699086030548655,136.26575225171587,0.9818903125526973
0.15661616477393214,-66.69556050947455,nan
0.2532464013044676,207.94387148316136,nan
0.2111124215881418,-72.27368940600212,1.4401625942920422
0.26680289691923614,222.2666327474385,nan
0.19650884410109526,267.250203889234,nan
0.8756894495326815,-30.07912856494478,1.4343232558524586
0.5128199030246843,-63.471407700218435,1.2083041969726769
0.20505611473117585,66.3734442094568,nan
0.5424214705755664,-15.255794621968327,nan
0.5625189425388046,-2.7132762975212543,1.178911349865874
0.18610332852827705,90.94804880806869,1.0881654194616275
0.9616302531895145,-48.302760164870534,nan
0.03130755553741815,133.20233605750943,0.9297766346215013
0.43466299710004497,13.715961072254586,1.1864276030904501
0.6139255710720862,164.96717041252555,1.5840724232832413
0.35627770595216857,251.5870954753269,1.187014955059873
0.8092778740691082,-73.38506726472676,1.2131251738845337
0.06137137863154535,184.98894593922213,nan
0.7480598297459351,21.798107838472955,nan
0.2241197241005666,202.6518157195314,1.1862264756493328
0.5425816423041898,230.40276866882255,1.1691820499476968
0.38860875822161967,216.65561672871786,1.3622965523382051
0.10198260870070208,192.22463176692008,nan
0.49334227576460193,25.993483879849222,nan
0.6963835658394942,-10.715019321907107,1.5832512619392392
0.5372356138810606,39.300350245137224,nan
0.22317322366828102,111.06563320956829,0.9083167490613168
0.291121710372533,-54.65184890300718,0.777406325920015
0.39761900920529913,71.40284535625085,0.8995295011658433
0.08808236141114512,65.9313537065644,1.3922847400395677
0.05604532284999328,-9.95253957856869,1.231111253068098
0.39303886695411616,-9.969899296736687,1.2831168037868586
0.3481273439198611,8.39614776505076,0.8621255151697689
0.10930253530324607,92.98842810509188,1.5165356615152503
0.15464795415370938,59.19366319787373,nan
0.1353232310851165,234.8384293464004,1.185147508906353
0.8942058938422373,247.49707141223666,0.9248266894922329
0.5718054369683148,10.152917650501934,1.2061994437921928
0.26775952012676935,-74.07633274451268,1.228299171359116
0.18986385087970592,135.92787008971158,nan
0.7547530849745874,-0.003161356410586791,nan
0.7392631393753223,-20.033117122546823,nan
0.24384594179481425,-60.68138604763058,1.0494850634612096
0.6629887580707071,-47.94366070681937,nan
0.17539370249685526,258.69178072121633,nan
0.4735102572790256,114.28200108474678,1.5594257321122849
0.8300107676490539,214.13580825602222,1.073015368626334
0.45518435117786027,223.08444050401948,nan
0.6876208727653164,24.991013013947928,1.6174227453941785
0.05276795595656242,130.41445705669514,nan
0.5687966419834807,5.213385055173319,nan
0.8192742860305263,188.38794534742493,1.1813425446889354
0.9663119986890416,203.9414455367157,1.2188403417295772
0.14867209382967986,240.88841841474343,1.3437224675738288
0.7709032426591289,-40.28582406217694,0.97027733480276
0.6609953386470585,-53.39848801231611,1.1227263917307253
0.45890559628884436,-58.65552283847501,nan
0.20927910084605478,48.34768481513931,1.029671005289264
0.42861344903415854,6.607683757839935,1.587337294688364
0.1783909053547743,-78.51722379097694,nan
0.31606790729212075,-26.441440532661602,nan
0.022970612785152666,98.78482236301257,1.2669554631087354
0.2775423246742165,83.17263664101168,1.3813149488597303
0.5309760423226799,76.82368332925452,1.0717569100016435
0.17975219216489075,-24.69954287687125,nan
0.10108184904562478,-69.93666205262824,nan
0.5612534114072608,-67.87672888052383,1.5070660753646825
0.24831220427132572,33.419119022787875,nan
0.4969238931919472,174.3102725260158,nan
0.20629964953690733,175.9210153552022,1.5137784151926374
0.5267198618759676,-72.00205662129633,1.3604753779385346
0.07122763227958838,207.8704938679737,nan
0.57564499182229,-73.397337086441,nan
0.8475290406023006,2.702396539254238,1.1196056654752196
0.08223100738216792,63.94196765054315,0.9926142072517089
0.6072314761378019,30.402005704608854,nan
0.048634744230339075,246.90900149886238,0.8145970245358651
0.3752323776122522,45.963060616482394,1.2113365152464959
0.3022138006366671,82.5477544996167,1.7385224059849111
0.24081656490537262,173.6895492999674,1.1182940568233872
0.613396078199023,209.4284337075598,1.2815533738842904
0.8860719277856651,218.11019296691296,nan
0.6630347607723521,152.82371845052526,nan
0.476360808017359,164.30323607719,1.0539556221786484
0.9407625626138739,218.30610652656887,1.0143596408137265
0.019102303080369365,142.67994453205193,1.3294683412091868
0.7562428473577114,-48.60412156849766,nan
0.8409060026047432,-48.85358887705334,nan
0.3148995971664802,-82.9539452060414,1.6693198387527821
0.04087076356280279,64.79813376265375,nan
0.3485008074150454,11.111426534395378,0.8444940412442236
0.2222536112661277,-11.920180447732093,0.7841788669944633
0.1509515744996936,-45.49723315828407,0.913994015597392
0.0008034005907795461,-14.007544100399542,1.3232127615217595
0.44623677921746385,130.1302637930541,1.1116216944623472
0.9210859569608402,-49.0024522286703,1.259503631482841
0.2646328671828841,-80.95883219594558,0.9080439015939423
0.13639956930555264,29.724721539464653,1.47676848413015
0.9464246516602486,-52.279160510643706,nan
0.394995108815552,18.902778473273898,1.1476442499603483
0.4826681298084116,-28.94619110270768,0.8643472021172477
0.40852800739150796,58.74219004334593,1.178071633983897
0.39413042457653835,-12.364852929808912,1.3386589068191705
0.04444640039422176,42.832803878624986,nan
0.2781903845461321,247.85270682774535,nan
0.6362651106247142,-78.68985574223814,nan
0.39778204720963983,-41.92751344086213,0.944855941501421
0.8642037192105124,-71.86667805052497,nan
0.3709622116537566,239.043228456696,nan
0.3665165375844417,248.66591493432196,1.4682760291969608
0.3661375184974635,118.78760220305978,1.0589843832294734
0.7157543459021105,190.33680663000342,nan
0.3974045325171328,219.59542528847777,1.4825170819629436
0.5172258577332864,236.07209953178378,nan
0.32465836880775883,-33.81600302443839,nan
0.401304954588121,228.34288838263365,0.9963303923017723
0.7559081444789291,152.99392098763795,1.2330289032564294
0.09893478109568898,235.36406215067805,1.418212171115357
0.4389063690525945,-15.368898323423355,0.9629233692404947
0.890915975009012,-76.52267979160273,1.2719639461790901
0.04399457773782434,30.712615652079307,nan
0.31587132152723996,100.00249645018665,1.070979710429361
0.2668389466247952,51.167228491771375,1.8038074583937291
0.15865045477838927,-53.11246115528711,nan
0.17976484095632556,-83.41560721863951,nan
0.18311456012780963,-39.7687570603224,1.3045325403103025
0.5628492179037341,199.27462698863187,1.3998763208654423
0.6980511568605411,-46.617588869648316,0.8880457454041678
0.30059387201484666,182.62586248366185,nan
0.031173948285841302,-83.35061000353444,nan
0.3142815094031225,-8.109237821098574,1.4368576012902534
0.5150048373444523,-65.05694833054332,nan
0.026220327062826176,23.714359978325746,nan
0.5564941879493168,-15.751424898295898,1.6211710011297615
0.3810390036580127,166.88359281790366,1.2855908325579724
0.15480319436948908,56.58018098731816,nan
0.5690181054272941,204.11603884671862,nan
0.6486835856522168,11.957687934393675,1.1128060591848767
0.45528760773786264,14.36531363600929,0.8864357742006372
0.3834825227228791,-46.390416901483825,nan
0.43163838784654773,182.11476250838203,0.7988106956739325
0.46379028536515665,132.9199052560793,1.1699440727392678
0.22921380444140924,57.12852928365123,1.564223586841683
0.5374922974204938,179.49646945117993,1.2015848635491502
0.3463044585148794,181.25906525298058,1.1515686532047789
0.5401373997022529,148.57559379951658,nan
0.2961135660540568,-82.72828034698239,nan
0.08051869077575069,195.2342369049613,1.1453979471944287
0.6554222410285873,210.64561239230395,1.105971771475616
0.08225725414336953,239.56040880829082,1.2327904684397237
0.8028108379177779,-61.810126881620974,nan
0.7995256926299152,-22.774714866954035,nan
0.004012692842197629,43.224535987056676,1.660269590190234
0.5576684283534281,121.3728253595524,nan
0.6946039171669696,209.30765312035442,0.8830740271810174
0.24523272193559886,19.76618285067812,0.7681831496699736
0.29597793176785536,-12.174364053025556,0.9080115087332072
0.07048280462632805,36.20732623275706,1.3229265228504214
0.6944880353672955,241.54293717122752,1.3218132286648778
0.37617465756562013,-7.7342284830142205,1.4142030074136294
0.09348997554010813,74.55801986749019,0.9036708751871245
0.6138410898325737,20.15459954560893,1.5046160223213167
0.8989347644057801,-62.699753500923805,nan
0.4031657483560645,14.19375392479327,1.1314131899654942
0.056901940385808536,95.99343378222255,0.9136258289122705
0.6144314120535296,42.37673737942535,1.040322279066966
0.4664348147156635,206.97952034325164,1.327361117402426
0.3424449674538439,49.464099580782076,nan
0.28024843510959263,154.26258434934755,nan
0.8361539402957557,261.36960934985507,nan
0.3144680009701871,-48.007890957125866,1.1132456726319528
0.2075964080101803,118.91351702463193,nan
0.42770421341623577,163.19802234987637,nan
0.24413720754000726,90.20909057587535,1.4732019581791074
0.5145229657134199,186.12292947011645,1.1804707571467112
0.35829594367152956,247.35775704504044,nan
0.18080039909259002,264.1850818004617,1.5655649215468361
0.6288976542398675,187.87632616963492,nan
0.2638453745711587,75.29290680641289,nan
0.37527031010148626,-50.90959579460177,1.0620988353998073
0.571028692264634,139.39306174036497,1.3353764138962712
0.11638751573761776,112.31665595284974,1.2481328735066517
0.8252649687748917,-16.327504306590164,0.8304707482108556
0.4592234754066182,187.80388694742183,1.178573183730704
0.160176290535228,115.50882300868682,nan
0.8391688523439262,184.55043457225466,1.182068543453825
0.5857663173748594,248.31440943633297,1.7906349128548027
0.9501709236853237,-57.93446693334971,nan
0.43375002232263626,-39.2780310614672,nan
0.05726303020716422,42.27519991021555,1.2250906749617947
0.6609792515698137,238.9324135511207,1.3510285887186946
0.42468188159146497,-18.261198426679783,1.028955603825055
0.3755386252700519,190.44291664440786,nan
0.5554026669196819,18.242383627479455,nan
0.7235046275224084,-67.31993879427503,1.4755184279134785
0.014366089234927881,-36.10717318178615,nan
0.29414269933726217,150.81911894455692,nan
0.09447142551280208,-62.52289009818915,1.6370902521881918
0.6793746122719432,178.51488255168738,1.3182646585248146
0.012653058776467607,250.0053086425283,nan
0.05788178270672163,181.99898310412868,nan
0.839682620536997,268.73184050243805,1.1096270717891181
0.4431728865025698,11.90951784519821,0.9969731238934831
0.289043921331153,263.96368396200654,nan
0.5322454345865203,39.128254605835664,0.8408883900578032
0.4415405821630844,146.39910144052484,1.092160445533496
0.35939375640567184,199.82733832937637,1.7502112450728156
0.4039095473881649,67.18719229984025,1.196654413936503
0.10240268780901285,224.39391722277867,1.160632039976298
0.7019630929616727,258.30343064008395,nan
0.3089389502913795,-84.44219591310684,nan
0.6862047495221145,-1.9738452071704842,1.1510216726509614
0.6820888329577333,208.36838538312423,1.088526245603516
0.6157424650914907,164.8171989434199,1.1642053069860159
0.7962139636562015,-13.790091321279675,nan
0.6871137469480326,263.8145895871311,nan
0.1666810187306289,130.61110157122633,1.874108814162636
0.9539089138269553,246.3700818091114,nan
0.11485499802847388,238.59519356001883,0.8055830306985797
0.5514618473783377,29.14059974969817,0.8381723033217607
0.9300554344289574,-54.776206164171384,0.8821597219985123
0.18281983144540292,-1.7816682291127677,1.4901506073613775
0.0740577700863474,160.9614346333832,1.2758717471923835
0.07791304471073049,-72.33830459563288,1.3749723104635907
0.3991470054728159,230.4941864237378,1.0382855865359035
0.2542909352367927,149.14870694273154,1.3828650905606132
0.1259906967971702,104.6948727871698,nan
0.24781846042670122,-14.284575690948607,1.0609808392037978
0.4170034395636643,263.16780963615906,0.8244535006486495
0.6818380626465116,-33.31643673070454,1.313422294257851
0.15036139526235226,239.36571386982916,1.3944655148406262
0.02619061009082488,-88.10548354704997,nan
0.3076365391992804,-27.267779083948746,nan
0.2342913749864726,249.56697020319376,nan
0.4712817269491966,-63.382529235136616,1.0105042319483095
0.7881478575018159,260.9974508099508,nan
0.3485901914682847,-80.08648441960588,nan
0.7168095252639012,48.01977365188381,1.4370668467933847
0.2355129644780417,180.46251640771982,1.1198678276013232
0.01044693793364046,31.387517297721416,nan
0.0814492874764512,259.17040021812016,1.4791091385859871
0.38691373640010784,266.4722037294927,nan
0.42422464373264185,8.889931167531643,nan
0.4972428491970122,-53.723780699776846,1.0054064512290823
0.7188799303394648,206.49801748509037,1.0642454276939268
0.6289222799484453,175.70064985696544,1.4373437381512046
0.23549222616349869,8.093888041330203,0.8548059812443867
0.6592150977286597,104.31314569366137,1.2013956091362343
0.5000628487918173,177.16742797051813,nan
0.8302609270464347,211.3187466094118,1.2346914957889745
0.14274158842735157,236.36237903014023,1.908214369852052
0.9756186187267899,243.03559591095336,nan
0.7115175176591535,-82.56924794090179,nan
0.0354904842556123,64.08371213656363,1.3421879945954833
0.19435932069621042,36.78131185269589,1.2551288222293824
0.4056074121278136,6.628471680663523,0.9748109804247919
0.3657203868027895,237.92886113120645,nan
0.44636174653028043,146.90119899978225,nan
0.02936420376115234,163.73428291660395,1.5724547703615728
0.6163571215115238,-12.264265059560579,nan
0.5627530912966815,187.1227197392142,nan
0.4828101949555903,-33.16357154780258,1.6673145400051372
0.41246795885644433,109.23123688444576,1.3289183530256792
0.14374189044708058,-5.097684241828944,nan
0.059014340106204016,7.572258028909644,nan
0.0809622915993558,75.10585972527286,1.0805381303485853
0.6693453929881991,-86.60489571226938,0.9261860617953102
0.6063353228635361,208.66364607540436,nan
0.27260969515397515,73.63153309099482,0.9074780367288274
0.7210941339451749,5.94492303751133,1.1543189965912812
0.24543856713745607,42.29933385229024,1.6000780433160688
0.07344372312244174,129.2766389089237,1.1251736314664036
0.03850942168373507,43.074219773533564,1.1326671210991615
0.17240609349667757,250.11668545191296,nan
0.7025892243969297,-30.89531269293488,nan
0.5081892585475878,-80.33481108548307,1.1953410192475713
0.5046092822537321,147.6288624545168,1.0619996788091868
0.5831234272870307,250.47494467377035,1.2766938718746907
0.25602748224965655,-24.946949825090584,nan
0.2670686327895092,60.42400588378738,nan
0.7188867748057166,168.53661478532425,1.8454359900342148
0.6358662687381504,268.1215275458096,nan
0.25481970758938577,152.2938091180905,0.8867611300464104
0.6965147276826289,239.00647851426132,0.7631663899199643
0.7744902810464408,-34.61529008910243,0.9452139542271455
0.26033448815718735,70.442463172194,1.3929625236877365
0.3188129179820719,107.22154092667533,1.2556372282281678
0.6864999833199541,223.75269944695287,1.243873861717964
0.26614536725417265,-11.209847348528697,0.9234938554086155
0.620466622037652,221.08231981355664,1.4498897330902663
0.26638987036316564,96.2956999455241,nan
0.4446917360063718,-85.84427128367832,1.1179465281011614
0.15445985527950556,36.2067465330602,0.837509303551095
0.7057235980807033,2.4010018769098593,1.1817663963682667
0.2826303533444664,-3.199395721304576,1.4457592614227546
0.6063476320301635,14.301321857031667,nan
0.04373715107573134,-46.31390456827836,nan
0.2295041244371195,38.41120419467535,nan
0.3108826582937967,92.61763541455367,0.9973829148963803
0.1798627342400299,207.29466272589258,nan
0.29887429994403325,158.7285586336642,nan
0.572773199735535,8.771255708354232,1.5885018535975397
0.029564983882171353,150.36618859840456,1.086064516245639
0.8566958623415523,243.61003412327454,nan
0.08455063331256091,117.18828529030253,1.4302071437338522
0.3327554653430185,88.03702419123996,nan
0.7285320435475487,-35.60405440637621,nan
0.6167130950525084,-74.99546205945312,1.045110278617392
0.5999436782868788,158.4807446543319,1.2952852718277266
0.8049576262272364,220.81310812708443,1.4265060159669227
0.11392578035327688,242.96480920996285,0.9146836506782486
0.7530526098693674,41.306961786242155,1.109680903679159
0.8987359348824282,267.047959424457,nan
0.32588768260822093,238.98173016111656,1.0436450120194367
0.2271977041620682,209.45732900567214,1.9258135727571755
0.7550944069377367,209.82353289954105,nan
0.557592592606173,250.29337784627614,nan
0.35832785428722946,227.710504681562,1.290171394383538
0.02393101956599889,-87.40436060929372,1.337358667138029
0.7846435122677511,195.37387546365278,1.0340794387871268
0.1297956094675505,7.949807622187322,nan
0.0397495581018289,-15.779705021202233,nan
0.6517092368201112,167.87423944408135,1.4254128341329413
0.36298573947930146,-73.21626739837012,nan
0.5491445567039037,55.16249830796306,nan
0.2706694560110825,90.68936799949066,1.5564945054208472
0.38014835182982964,12.180152074308245,1.3551382927524553
0.6155918606829183,106.1620280425741,nan
0.18387107871711147,37.69041399570548,nan
0.18904218329133624,-79.49620822197517,1.1271607166537234
0.6078881281681254,265.4453891113582,0.9675543112052126
0.26942377302224674,187.7883490915192,nan
0.48621414130716545,172.9463553853771,0.8147368682677933
0.4069055060038788,-22.64723004923117,1.1573545744090472
0.16524226501784844,208.13034988289968,1.6164032601969684
0.7325881211750767,172.13931220224407,1.1903099406793498
0.26372465131015355,124.11349311318983,1.206508149146354
0.2586954243727011,76.647352712281,nan
0.8000224767538529,-57.22582525177666,nan
0.5703756650920639,37.57185760641937,1.2383786922880995
0.2807379251587038,1.8666655078527654,1.0612066985847308
0.8159243124810417,203.94307976609312,1.367830824302937
0.1221961723593517,204.37636585629184,nan
0.6808532772901488,2.6809148671256793,nan
0.03793970696674198,101.7874631102914,1.7558554972576415
0.3040254700775269,91.96248810010374,nan
0.2939277090308279,236.24858895998534,0.8769328071112933
0.9413324449911658,256.2715142020254,0.7667858362336594
0.25568008660058833,6.317095548819196,0.8733125475664025
0.6198746255560303,233.0227666258306,1.5828242824726975
0.5151610877626636,39.11995991073519,1.155738846235244
0.46783368207305925,241.67012959067347,1.1330448443054515
0.44424295247200374,26.63049629259436,1.014531739858233
0.385491369501263,185.4168583283466,1.3179051891112432
0.7283921312799562,207.60159261605764,nan
0.1668269574138651,-79.21145272181434,1.1045745486149707
0.49212977143456593,12.876581478469008,0.8700427079989757
0.27494224535210987,37.86682487473035,1.1281324644356692
0.7512389323647514,-20.495867912466338,1.270816767957715
0.6442378555532455,187.76624472784349,nan
0.19564896268572352,-2.725523429166415,nan
0.8551591119871401,-70.03399760237076,nan
0.6445804665968058,180.3362497129256,1.0100017212078427
0.43549788449684773,173.28201372829838,nan
0.35913440046801076,254.9922941866107,nan
0.2414742671629755,234.87773588621815,1.584278010508458
0.3433256033423744,82.76748906608586,1.1144678832390427
0.8828657767427831,251.252629175314,nan
0.20087342888671172,40.17090888460038,1.547654076831831
0.06762327916673183,102.64550713089812,nan
0.5505066664593213,-89.4919779049863,nan
0.5160642436644942,-75.00062009921149,1.0675598658288399
0.038571728867432625,15.250407782914273,1.1705299170151975
0.5873131659003659,258.14205434685675,1.3163460391839303
0.02002962804533287,260.31693845085806,0.9784640109967746
0.745855023751828,21.39924144206813,1.111050331223464
0.004983761086470501,-64.68995003611342,nan
0.25447689162245324,149.41845932209867,1.2034020072113507
0.2587930040792573,143.42207957985698,1.518191683379352
0.5835203540732725,221.68474058458298,nan
0.023613334315440087,104.56103193441257,nan
0.24750046436978862,109.4245805755209,1.32845593486604
0.5845223918673645,-56.816569829639114,1.4571259424705079
0.23455304705733282,95.21102054601653,0.9717234686833612
0.4210721961312431,-60.12142240162083,nan
0.022137907378485477,84.09619712420647,nan
0.8367396049664636,264.8828931769007,1.6716982315898978
0.4557555164022742,-18.33396820373538,nan
0.5247794259661973,-36.73202036445227,nan
0.11636937443794645,-2.076798508204959,1.6432819394908975
0.8618703338355985,-55.643777324701944,1.2550467498222875
0.9090060355709711,222.26404506426184,nan
0.41828898933081465,20.30933141085228,nan
0.511649731482993,-58.619418449647824,1.0588767377264363
0.6229119711729904,233.43652456017736,0.9138586746306323
0.3685089103112068,206.46650397728482,nan
0.2774614382703027,235.00028561925612,0.8332545471683662
0.6226987571757986,182.31754158764747,1.2154347158950127
0.4207085737294286,-21.659690877278734,1.4121705529231718
0.8847701187061825,216.2357395621043,1.2034558448726291
0.5218032310219347,-67.346536734328,1.174209781286882
0.04815291376083808,134.10681159480765,nan
0.3656674660355425,-41.3022782782769,nan
0.149840654049957,-64.21538423844345,1.1969432342088264
0.3488553179477004,176.9524778768701,1.1800071606608689
0.7231300271082228,177.83153078622644,1.197147995617317
0.18744082315835908,-12.452054042052112,nan
0.37207953816610223,38.996471543073284,nan
0.32953211681847683,40.356017298967856,1.9044949752746914
0.23549175428029093,199.01251633287197,nan
0.09795348986726427,240.06981235115984,0.845594728073718
0.57755902752447,161.7154054247981,0.8195965291040139
0.17908082900687916,39.89284195673952,0.9101405138817118
0.49859376901857966,-60.52211258759441,1.5401561221839049
0.18305139708972526,115.69747545767255,1.0885433435777547
0.1256673271961954,46.39616737875613,1.4217763081835468
0.7066022742560599,39.77803400649792,0.9758218661628193
0.004948626187541438,79.22508160536437,1.2589312477005499
0.5748908498235942,142.8213241341212,nan
0.7632223256159731,-88.38989064356772,1.0651898150157093
0.653014927056285,-34.1149253754617,0.8438612433498717
0.42365694718216007,47.28304680185504,1.158495758160156
0.7152532350373,-39.3513320815442,1.2829417306685398
0.8103698168232242,126.20461301769505,nan
0.742679435105891,220.81820485855405,nan
0.9056864144764256,-23.895514540638814,nan
0.3003733021707614,268.16393025616617,0.9932584556196133
0.7752850546106504,-50.662721955070865,nan
0.28163182734996534,39.34858587479603,nan
0.8058135325449719,205.60010405720976,1.6313277069629946
0.26167982484080476,-5.919970518488242,1.1214828947227755
0.7367735620431828,200.64504254023257,nan
0.4317674370741763,-89.58653750131903,1.3644038733416062
0.08144136615238234,225.68703956162133,nan
0.22222132131153005,-31.383194981480273,nan
0.41635589933428285,100.56361995664783,1.0587093812401238
0.24408620647110266,64.98185898686012,1.189068438147003
0.7980823807600717,181.11745060643997,1.401171027233945
0.2165139541835411,19.73934347379806,0.9610116398326455
0.14030474130339932,258.2921575767664,1.126712726603722
0.10818128272114741,95.36803531127062,nan
0.5037466041126991,188.81688187522064,1.139278776260633
0.19623158464352153,269.4238855887249,1.5840860732753859
0.6154894555760412,169.62410397787653,nan
0.10708226503284524,101.1087625757674,nan
0.36764979654730107,87.16618072551722,1.3807588000261912
0.02381122224628349,-0.4365219008397361,1.3471800418533728
0.33435232950818816,-58.3878686641728,1.0140700614276392
0.36573757526255946,-28.862943938880612,nan
0.007719187851077891,64.45172013551152,nan
0.7876141449123455,-23.576398463590102,1.584100205103722
0.42339260478320573,-53.096430548048836,nan
0.046102864431994905,53.45434235630571,nan
0.22263281565351123,18.87314722069027,1.5420766663656702
0.5041355196062425,16.65880731334088,1.4127877367718091
0.5165047053119005,176.6606136999242,nan
0.9119895141262879,221.28000846942484,nan
0.9454190277668815,-36.8432407137629,1.1070234770155811
0.3639019631059503,261.2171462014791,0.9449706871166909
0.4977258482783458,122.71461562852669,nan
0.009798531053697324,-20.852011585177053,0.8274516778123814
0.1809283694120586,157.17312392514734,1.1805348765453971
0.1961411204180103,-25.008738054016447,1.5441972718165144
0.3392539892535027,119.78200851875677,1.1988299706814818
0.45148933462724256,-71.86892406600543,1.075672163554415
0.13487756069579587,-43.293314833926175,nan
0.4318199395043104,-40.45340596155434,nan
0.663604232222508,170.98720781709363,1.2561265335595435
0.05898497479614395,263.4822165205257,0.9221034481121305
0.6959263809982599,267.69403733532914,1.194538561870965
0.40417464521884294,157.8826874044397,nan
0.19013966420981712,261.8584460346876,nan
0.25893126526828786,55.38914789693144,1.7338926409479642
0.5301416623346651,194.5477015753874,nan
0.36935954788091907,258.0502116089177,0.8087477542883102
0.7440204928504754,236.07596028644747,0.8063024351659981
0.29249133797124904,96.79537366102983,0.9582121071619911
0.28419942082351846,-8.936534447807674,1.5036568118561267
0.05575936727423888,1.5092153746133619,1.2708937574280728
0.25409892135141116,-37.07297457222052,1.336244992578288
0.028544416248062615,-77.7931282262364,0.9664293023761585
0.31779194583128245,142.61927984303628,1.445420590555373
0.8487905694731488,-51.74278739910661,nan
0.5159869705064473,11.26159746215562,1.1135005052670675
0.3683540085024264,172.98334753033117,0.9229129720886622
0.4169412797213393,163.01547941849358,1.125594047425476
0.4846952322681443,-69.99034685645205,1.4604680118400635
0.8487034361146139,261.0302801210804,nan
0.5988977002736656,162.3009145330105,nan
0.6117613852914384,-11.916705260525191,nan
0.3481140011325017,267.1991512484025,1.0515376045166875
0.30371744031452136,163.05923341371033,nan
0.11710241233464563,-84.22719997400327,nan
0.1634198744745769,107.19505984011997,1.6430492019115017
0.14004733585245088,-54.42995224966211,1.0124454294110998
0.48450809606915757,188.77659925595907,nan
0.7742962813059076,-64.17564770658134,1.5799478615155336
0.03075753164960271,-60.63984136047679,nan
0.5891750968325746,21.87753748749281,nan
0.9386370083252726,227.72329546046416,1.1337762428627216
0.15080364749148334,173.55685690980303,1.220217093547622
0.69804099476078,199.2347414407797,1.3040383280941938
0.30571718090418043,32.09676884472415,0.9164650483165621
0.1111337188148392,-40.75689214669538,1.2117838823551608
0.090716723740147,-9.36998649640114,nan
0.736809261919956,176.85210420585142,1.0789000296033873
0.8881657197190711,251.2582332935006,1.5933678325871428
0.32517165043324375,215.7257448826174,nan
0.07838617820525566,73.94059967402656,nan
0.35995062327145677,-50.067185900009065,1.3926287453825557
0.14390217202113748,-39.07081542887545,1.4447522514030409
0.181875700594337,-16.89507345217671,1.0651431252675407
0.08932740903627243,115.89522986954168,nan
0.5479379791673229,147.98339284467488,nan
0.9438782667595648,-59.78593311568396,1.444302228917864
0.46821876074063884,30.357201999133054,nan
0.20143561104481833,90.10321768658123,nan
0.11156734631982179,251.93593721812917,1.6436385703543004
0.20627992335950818,-6.095330287690132,1.2811503849272539
0.5131471514381689,199.8307118391282,nan
0.3966035259295676,58.040159040693794,nan
0.3753391598232392,6.7812831105089515,1.2257496813311677
0.3767828774313903,158.09342210712646,0.7837552130188166
0.12531016234536227,52.45686221444602,nan
0.7421602974315971,206.94546726259156,0.8563658848461678
0.18660665756795614,9.596854882898498,1.1146339637403242
0.39012561296774473,61.34872957139773,1.5864030683129067
0.7071403078632346,217.84110208700616,1.2045412334736645
0.1790712365254596,-43.09550438056672,1.234000172433541
0.1764896660655594,91.34700046455744,nan
0.513523230282396,30.270357152361743,nan
0.4852018192859816,176.82288816541413,1.1667534718913903
0.4547743666503234,196.87420948375586,1.110119326562664
0.4274814623838138,249.15697722858283,1.1674983687344824
0.04518999422748132,-16.831831255946597,nan
0.1689762129693516,22.528123923705394,nan
0.040154274762340764,-78.3913964574182,1.742983669296594
0.7545634571531077,203.11452776263374,nan
0.5990497606885773,224.3174994446453,0.8967337342394595
0.4025099271898959,179.27407314948755,0.7647741560170891
0.12007564372282259,-77.59301697111064,1.0368632517526666
0.23289957094642327,-20.334993064075803,1.3473835572307946
0.012624008715214075,-20.08432315557696,1.235675117466997
0.06513983213124538,-88.46025127363303,1.3581790600389863
0.14657090453289556,71.21569022571343,0.9856923537874757
0.672471564958448,216.97325041297452,1.3971749710669055
0.15379625703912628,-4.059493735755794,nan
0.15451418586562535,-49.37217428748605,1.0756425359793984
0.4426636693531062,190.76017948001922,0.8391703332488644
0.22352492485857575,225.45985847073237,1.1066986715012266
0.15789384380666424,-23.595851782637876,1.5187317236811715
0.38492342571477184,202.81478387267214,nan
0.08235806359037956,57.003333451493575,nan
0.4791252513486779,101.7349139495378,nan
0.06787489814021225,248.32296186016058,0.914492241829818
0.35353576027342165,10.401024774046768,nan
0.5617547092232533,80.88055107460642,nan
0.29926024275250596,49.25685562114241,1.633975132351327
0.6323706373298574,-66.51944718198352,1.0005511713951725
0.5549423164838847,159.27133410613533,nan
0.10618959849516552,28.530352190731485,1.3761945647422351
0.10385134241839461,62.090216383861105,nan
0.10186133125124261,-42.95068974185931,nan
0.34280673756609825,26.757257624442232,1.0714050622928672
0.21009499883257782,76.86371504044008,1.1105015449144113
0.35042255328608374,-60.06710033002658,1.391240058177786
0.08706867904113885,19.92159185849239,0.9359339424647093
0.2741467047425058,251.76804286251547,1.130512838713447
0.22930173497598136,52.92117254429685,nan
0.9527512891172668,264.3443937063846,1.0974752974809883
0.5864894716076354,128.4483747735918,1.5480161307138178
0.49854065569006356,229.49239832697145,nan
0.13939771801203982,-84.18509477062074,nan
0.54100321125294,-54.599986516742625,1.3270926631214377
0.046537130602717205,40.918399552705694,1.4835291030558444
0.43680198288519984,57.54027752932216,0.9366061388290144
0.06260360602283355,105.98896758963667,nan
0.43613970110671146,135.36238613476584,nan
0.49043793370517164,-7.483686271826279,1.475950537628924
0.2541879802055338,130.06556724542486,nan
0.46803456723513864,-69.53173771849553,nan
0.29361490354214814,165.44609864056193,1.6851948016935823
0.054009138090328146,2.97232566184654,1.2990322267588306
0.39019943094111353,95.88985526768106,nan
0.12279580114747848,202.8855691467416,nan
0.14641274373138308,226.2646215978968,1.051499893498192
0.25395373788012016,194.55890920142406,0.9688185275033054
0.512233343726294,-50.16282149084526,nan
0.4408801849074525,3.3067578916678144,0.8202977175907032
0.3561204234271388,-34.78409157570074,1.2082931759390263
0.49489242828189645,126.60862363787656,1.6379283224005143
0.04939111264900464,141.5536817022508,1.1710560234951517
0.10311046385788325,98.0076723728153,1.1068857243401393
0.09405353716864132,192.29934635529554,nan
0.029467591936016363,-78.66280189894701,nan
0.4948362643197277,216.65020420893322,1.3211034938329684
0.5893422570191168,-43.197108052282715,1.145289808007894
0.07871334211812339,-5.699000354572737,1.141515048929915
0.18775945513358744,49.45687554990466,nan
0.21800405058442218,90.3142006253791,nan
0.11568006688168397,6.615309126597225,1.588860438888363
0.7480928429299778,240.6469062799454,nan
0.6384717239645217,146.66271516140299,0.8604272414011067
0.44385584740260287,210.41325172686015,0.8327836119635968
0.04301348989789995,-70.6800262003552,1.0237377614381875
0.5099701964380092,41.32140002719261,1.3290857547022819
0.571647967608405,252.94595596233262,1.1466105167435845
0.4422009784963954,117.51418217215678,1.3464875152873217
0.23247730377691833,171.1142948590487,0.9997547835123626
0.09303463471932238,-48.47088516437974,1.3462001691096501
0.36590241851801714,239.22839997111714,nan
0.3136620412087742,266.2451842289666,1.0826439585338061
0.19551223555822467,-67.39882224241454,0.8992648400850748
0.4580923747669725,29.498379253170683,1.112838123785554
0.015923345845306476,67.79777608313756,1.4292204167332436
0.3894495692414374,15.426218596638563,nan
0.4052606152120822,-55.80588483108437,nan
0.032620197303908784,220.52921342203564,nan
0.3395572345233008,-6.564448761101389,0.9534216753477401
0.5901868716777234,-83.22886720997694,nan
0.4105018213745357,-7.7023135626621695,nan
0.2874468882280625,-74.2186508375136,1.5519387884909601
0.9198204790867752,-75.15915254670531,1.0164111529228306
0.3419784619328417,93.49296772592285,nan
0.8235251185883362,-20.810052514452508,1.4416638881298012
0.007895931084691554,222.4139038470929,nan
0.020663732359142595,-87.5122848541431,nan
0.5371790239898955,266.812849744477,1.097936652275373
0.6483001377168893,9.348135211465504,1.0838709147605476
0.26628833483812897,114.23368705534871,1.4344841959099044
0.12292920962163756,232.31814789947194,0.9290669295141128
0.521484154633659,-11.830222969602517,1.0864681673614858
0.18070045963758694,24.859907293648618,nan
0.5531917053837925,-63.136563451425104,1.2328807008823564
0.8658640179940247,237.63500565716475,1.67362245364226
0.4657725596735048,127.42679896758956,nan
0.04993213246764755,108.25984497823465,nan
0.2677106737309536,-47.05837359620027,1.4833508659654595
0.6061383680405796,184.30923483899227,1.5428196399673906
0.13759122339315621,118.81562173218352,0.8973832499248634
0.319141830757003,242.18020116717386,nan
0.621949873746142,23.192826548241655,nan
0.24174223047819082,-54.16906698777297,1.4962794891810383
0.4451391413302718,181.53576133976466,nan
0.32301688530182393,-44.589802672043334,nan
0.13971607116630652,-66.4905645004429,1.6310967430624723
0.008408042984480495,94.52669072421689,1.2182811439467278
0.5709036011888997,135.89904473263175,nan
0.3607061580671888,171.24451331865552,nan
0.2207827092901501,205.1892988401627,1.095398990368427
0.29839454647928343,-77.2110284379309,1.0473232128984677
0.5763329095704092,21.846527041847636,nan
0.44558623521966445,-1.861341750471773,0.9276252976656741
0.42702136372203553,37.98503324883629,1.2902063270526012
0.5950113595547559,-63.43839938742062,1.4002968719953435
0.626880603076427,269.0252283100041,1.276678919727826
0.7435614712307949,-11.179158425147778,1.1897278411500058
0.08898530119311227,109.80505941607825,nan
0.1295078792000428,-21.40082084962839,nan
0.4115347082781224,240.31713841323835,1.2191538615600916
0.990912529693821,240.2205001578059,1.1106261224515273
0.400392047799857,248.79661975451106,1.3921817053943077
0.2572019626648745,249.43032351128375,nan
0.3592653502923587,-55.499411252960684,nan
0.04707849490461158,-68.75196202555574,1.5934649168492643
0.5040061253098651,-56.213989027691575,nan
0.4600972481596653,153.1087559795985,0.8593123979062067
0.6522927642182925,94.81969760766879,0.7857060938164823
0.39203940951408467,156.73520434047262,0.9888408363396729
0.20872192522453942,-10.379799663930584,1.4615115569424593
0.5666623475155628,269.1744504023336,1.1389491031247887
0.14759847060770712,107.18837653333563,1.3466730378382872
0.6456830838362368,267.3554800463519,0.9232077267538363
0.5855024770842561,-64.54253616753785,1.407707838416193
0.06372295222327858,110.79247369906372,nan
0.5443746013762495,182.54548996326469,1.0677347972488112
0.0722609564498729,141.85873696887828,0.8152063100635792
0.26649071294397053,-61.662272445318074,1.1152352354657604
0.04810645338685071,-23.83830498087515,1.4171163320986988
0.530924691642973,213.200149398438,nan
0.43639508886260275,138.25167569166888,nan
0.06836132293237301,117.15551919136618,nan
0.3602219823879487,-88.55875781984122,1.0664448316180308
0.5116492953690164,47.406541133068174,nan
0.11807814507717562,151.73258669881648,nan
0.21411074908116853,-60.893444841649014,1.637697611542334
0.46344686629532267,107.69996742804635,1.153562277595947
0.45767868530006134,240.57929660800994,nan
0.5048654040428444,-30.035704528625644,1.5913261653093351
0.09776921919813343,119.63060195011516,nan
0.1702865302691533,30.986803933057516,nan
0.09513386933938836,84.52189691128362,1.0525624893810797
0.3607897838189406,244.0569207763819,1.2318244979905868
0.5966070261629157,223.57709873146607,1.2762023161145775
0.529315763489378,115.7211881264163,0.9629045647897007
0.3064854673760442,-63.78122515754345,1.142920105698813
0.10632790793347735,-55.51797760356101,nan
0.16334509014992438,32.62917287989923,1.076389536676852
0.5458278917144431,168.47809284711985,1.619070752883781
0.8540933314683635,-40.745953828744064,nan
0.4622400935790848,198.0754823325621,nan
0.221265050554902,-80.95012711569805,1.2824650001107611
0.45709147913574244,136.00946387209584,1.483671863728132
0.048733664097199814,-7.283814754790001,0.9700425707363732
0.44434391956759256,245.22917190412196,nan
0.7019136642663364,-22.651988970066785,nan
0.005752138371047211,116.3058219118517,1.4696800478136198
0.7857123268186341,185.4831823219038,nan
0.0273686946644401,94.52127228016315,nan
0.534430686755722,-88.48274336825511,1.6173895747492242
0.07287546468147615,91.11448440605622,1.1568589542045982
0.6990092428183065,171.05103817832241,nan
0.4653948291792018,-48.1007649140229,nan
0.4520000189220784,-40.28709986190414,1.1050298163880548
0.4934388491655158,51.65716681256799,0.9168612328527922
0.10582664388648619,249.5028402521129,nan
0.3284780074173096,217.04478363711004,0.8428150021712776
0.4388079882581512,239.9393657332864,1.339349877236608
0.40047417778756217,235.1441326137107,1.5979402848842774
0.4959246185225086,256.4368319420572,1.345377085680527
0.6592931449105628,-1.2578286213992271,1.0961972325785323
0.386979827874058,254.30633773474136,nan
0.6685245684896118,-11.060691139627616,nan
0.05238924131145141,154.4343149939583,1.277430718960974
0.22523152568605792,230.80681836973525,0.9821365519003286
0.9853786928315434,255.37657650928833,1.2475130599825028
0.5150646659932918,157.95736582698478,nan
0.39764945995920276,92.86704275693478,nan
0.18561268640944628,-50.63008184855525,1.74324163764172
0.15286549948346734,-87.45327559653009,nan
0.07138703532366864,198.09924789683924,0.7739513569639216
0.6972048952307475,-4.499829103511303,0.8134402864181923
0.26221130980978635,28.02703835790268,0.9069058423497397
0.13157911348198395,-41.976468716689794,1.5088280442707231
0.4862263256071062,195.0740336037993,1.204088836901444
0.2620417367996653,-53.611817498931366,1.3953041432756796
0.3920844603144983,36.77447811145396,0.9191238787448612
0.8695925612963992,-56.98818879837055,1.5316837424834193
0.06704219383360441,19.298481946265866,nan
0.10002991152505214,187.0391633644215,1.1209028769819909
0.12330489186773741,120.91099622030542,0.8337085664091012
0.17337134875639312,-52.794712758479136,1.0588845895575192
0.3858060141089538,21.87937489052505,1.462929197518316
0.7952625542872863,206.780960997857,nan
0.23541507312810628,-11.841703572668937,nan
0.8018227874304658,-18.05644014081503,nan
0.3369821725862641,-16.105779617441613,0.9913881947929206
0.14859298617845146,180.72979949776104,nan
0.7521950743909878,227.74861067906545,nan
0.5522946744657717,232.44228733124888,1.4270720123344327
0.24372897791006828,34.61747487988097,0.9545561923970594
0.3587942804838219,263.28070932286454,nan
0.49171002113442025,-55.45600533647392,1.3412908457877974
0.42687049407612915,221.35882165249816,nan
0.7462595355077734,-24.744922760225087,0.8565348552225676
0.4611506308785057,228.30397440775178,1.0107280439398802
0.4021640739062281,200.91120222475908,1.1547710597252718
0.7139334010579004,195.92386025747277,1.3044005380177182
0.23496177822303704,-39.88763858856018,0.9073249695583274
0.2882080223698716,-47.58219341692597,1.2467180630480346
0.35825606821064526,73.83890112942092,nan
0.1894979016997208,77.49319828513165,1.1971846967747932
0.15155603109241697,259.06985484658486,1.6784764188408734
0.9678822731667438,-52.524300829595575,nan
0.007203890632290877,-27.127478918116793,nan
0.16916963099574253,-6.040098229207729,1.3565284372614728
0.5118025543000853,-38.03518270705982,1.3362058466943951
0.1579147066524883,-68.11964363262156,1.0546943146738998
0.23381611533886712,159.96634873132552,nan
0.7100427106033935,-50.83936332630636,nan
0.31130864042414785,120.21672248445553,1.4093413319465788
0.2800556473743654,123.64559877733706,nan
0.15406502029750568,145.87281162270114,nan
0.19229961651303099,55.18220660532377,1.5422325502192569
0.4149047258968959,-22.80014914708599,1.4081658569448032
0.5468282824297473,131.15651937563,nan
0.15036335977299659,-64.97895371993312,nan
0.5059273551700368,-5.623725977961783,0.9230256275115843
0.008404623566784675,35.1785911555807,1.0400192051977364
0.30105759007510824,132.10842252829823,nan
0.49144575324720086,171.17155907483166,0.7821748988606781
0.4670484359624183,-48.71177929694372,1.1869506748389433
0.03816872896728662,62.68718379070267,1.4562954794074152
0.39573852794951925,148.3626122306262,1.3282682876168217
0.44499308272765653,-83.39512974983305,1.0966440913521351
0.10649780533291574,265.25998850193827,nan
0.7778516099192965,-40.69584744845243,nan
0.8886638374408274,253.42815935880571,1.2267770144653543
0.49836074201618846,159.08512329428905,1.0382570001109679
0.11092061203640091,245.72092534584644,1.352678340912896
0.8968632953979794,-43.600021822417276,nan
0.48899325548074324,49.758635239942635,nan
0.22932254954998732,142.85556765634195,1.7486860019272856
0.005514102302284232,-64.96476701014838,nan
0.22874595261991973,256.93805850475815,0.9025167856380576
0.6497296786814233,-63.84611916029623,0.7943813903751732
0.5458680903709485,-67.59775214904228,0.9796539385041395
0.13665060277351807,-32.36368157589466,1.3361087950053676
0.5238777014394699,193.773109749084,1.1783047318269182
0.38917558116684403,24.80225388291592,1.390630392781048
0.1832058778373189,192.41099393694364,1.0174411837335005
0.5012004743000682,188.99684649795677,1.4461471835266628
0.23034955628801645,243.3612341815912,nan
0.16119088678128968,85.45256364097057,1.1400308171402438
0.23779399904328524,209.05395376875433,0.796197095218857
0.3533227855505692,-13.974725156932749,1.0511755700647571
0.03271224425256547,-14.997349093836124,1.3519584140197036
0.1538648887356012,59.60853184545928,nan
0.4240049035384035,159.0631764780602,nan
0.35552853432972603,-32.82063898975346,nan
0.3943265316317865,52.864249697571196,1.074579017191413
0.02742976234851663,56.759494197102974,nan
0.5304232756737165,218.4813853627608,nan
0.7655195122530788,-75.68982941804404,1.52216353129485
0.05774467034656039,188.61283973122974,1.0844429219300031
0.5852950269856139,61.974131882223766,nan
0.13862657023265298,-19.292026078086977,1.58945526149603
0.14026944928112586,203.6732767370849,nan
0.625885731046633,-8.774506988241335,nan
0.6378333989379055,213.3906788496578,1.0158984484088867
0.35544307104909106,85.6306094368663,1.1342406428249636
0.556303227107974,24.56585399036387,1.3523530862201136
0.7948200436857107,-34.28811747393096,0.7867453217863021
0.452290366311502,-33.863793403280425,1.2821245578826104
0.16492277342864192,-10.366461946443128,nan
0.029091837830457323,-11.276240966329503,1.114030104950134
0.50986996788086,-35.73153718381673,1.7711513090863713
0.6722706258527594,3.5587227868124387,nan
0.4346512540992478,191.25849415050084,nan
0.3257838009916808,-42.11536605761061,1.4636065565566385
0.30592693892867096,256.71695098472895,1.4161933963625122
0.3282073204112186,-61.41981012099116,1.0698084130256043
0.24697854309009154,62.069176160110246,nan
0.4665795176767924,182.90695133501953,nan
0.2065642464873073,251.89866239622026,1.3913051306889
0.18743205270899582,20.0598985248053,nan
0.04976937856920399,178.1486953575455,nan
0.5413498730069237,-74.81834208339943,1.5537388115666433
0.15523880461454276,-45.46479858098609,1.2213533288644267
0.3957193637220771,37.77426384193622,nan
0.5118964342361662,170.16424184662606,nan
0.12205505033536312,-74.25562318390821,1.0613340129806053
0.1507130289029515,-20.669077943729455,0.9914168116821779
0.05164062046362872,25.66003768657618,nan
0.847556547396564,255.60813820134007,0.8418664731186154
0.5321869245449005,-26.816899072907425,1.275489014608149
0.26023412028613846,38.48677707328221,1.4720216945893938
0.4086307983814391,-56.49524478840182,1.249723992002966
0.11528378846127885,9.72387359738046,1.039394810085849
0.024755263810629757,139.0625888659744,nan
0.008466733030450313,16.99869412142656,nan
0.5947359707131435,27.091596438656588,1.1583799418846235
0.017800651701936898,52.288724809856774,1.113447780149153
0.698075912954817,234.68642208334353,1.2959368577712524
0.5746355719177649,-39.95018816992524,nan
0.7944925772176651,-89.83520802233448,nan
0.33457654342316434,-6.969034483740273,1.851100213497187
0.232486757326809,6.581443074102282,nan
0.7372325790429373,18.691432932294163,0.8153331213580024
0.5545376689248074,12.587438688155846,0.8382918106508147
0.3359505839281328,100.66839612334627,0.9350318303117968
0.07833399261862284,-70.52441189191819,1.4438095060377711
0.20508870664470374,247.49065647569608,1.3406313310717337
0.1614495357357265,29.726355866057247,1.2810399879937524
0.08738908771766184,-5.95046998060576,0.9621326547104807
0.4574102785669506,233.7954923043015,1.2428402197755921
0.6482940092735481,230.89558628319548,nan
0.19302372229149004,-15.945669852291218,1.1164391189541896
0.15172802126408455,77.63776381098526,0.9217767609139806
0.4953373467872074,116.01163218132001,1.1198134231590124
0.25928689552259554,22.340400551657407,1.4965899228088086
0.20158211781018645,265.795011072769,nan
0.46965586388009845,153.53657504748986,nan
0.931844208250495,-75.77581168055184,nan
0.26669231675987176,19.576531387803477,0.9912394817223543
0.04967143664313073,2.1161998822194192,nan
0.9055914623921701,233.57669747693507,nan
0.23873825008338337,-41.52988817850772,1.6093801669429648
0.3815870317541526,-74.873543789241,1.0562781823207164
0.5503187297953355,21.632706155094255,nan
0.04226538592738637,164.69588081732726,1.5887810913115807
0.3537992346425084,217.7604742703275,nan
0.392158481886856,-10.37037266859084,nan
0.5619504026253404,184.61599656665317,1.114396703942543
0.026118078382152222,19.715181788979223,1.0096677720781309
0.6522367554514451,248.60805835938837,1.3395821990184933
0.7688447261619704,-37.53045831193271,0.9842917915404744
0.14596918370822876,165.9360209329093,1.1393004463450365
0.02626093829121029,11.760982490761549,nan
0.8743906426762988,188.72184242621734,1.0815519007851715
0.7837786748185147,-46.90176002152757,1.5390796706927372
0.8459756176812234,-81.98602761588516,nan
0.1944042716346582,23.687914422891403,nan
0.15693942292654242,-54.196799615563236,1.4395492409471338
0.059710493470658044,263.2553555250678,1.2125584322789276
0.29650137789226233,51.747292383222636,0.8091520378663971
0.7971603832286477,223.18265989525912,nan
0.5060590268391079,217.86563689528242,nan
0.5681550002051422,187.8841926465834,1.2566410080676762
0.33997144299545806,-21.649703569232827,nan
0.12856955063418174,84.97972997687732,nan
0.4744449186730276,115.59931773315101,1.5590742729265012
0.19967563108293523,-7.138912897212602,1.1906040550881782
0.4273096270921391,45.53731629496035,nan
0.2585191170026806,237.26031177856981,nan
0.7764239582925145,-63.90324939904384,1.1972404846912765
0.39210005808352655,-46.48195883181748,0.9997065509800732
0.503092143205802,-33.92276001422014,nan
0.7917403662536904,216.11147781276114,0.928962249938248
0.06352735541064387,-37.1219871942247,1.1246464952180026
0.3241379747157861,-73.82775733235904,1.5932653108811743
0.473162292111981,-18.790911224511472,1.1685108402383302
0.22762261772058962,198.4832710509591,1.1117124198433868
0.5122524769141937,191.57608922349146,nan
0.4504512662219295,-5.238786906730041,nan
0.6574414872831709,230.4866623096475,1.316859284659037
0.051735694110386254,-65.9486809499626,0.997576808814849
0.3404564665665225,116.24524986776991,1.4089087354775378
0.7487017695335101,-32.05063485980465,nan
0.30625426900351477,135.06714832883497,nan
0.4323893088477261,86.80473661123358,1.4624051663640052
0.898102854719746,190.05321266591443,nan
0.3744320797085263,62.61268476054696,0.8380367169018216
0.39619771162501494,-51.98157756551167,nan
0.16862318541303362,-78.41258370326969,0.8943884478418891
0.04025171545251882,-75.03626868388037,1.4808847850139057
0.44238445353651773,174.1384538409523,1.3253368931198148
0.03548205024831819,253.60509215719145,1.3476949314089712
0.8844134311763701,183.3906528536244,0.9823546861057313
0.4581354677980946,165.8239295040592,1.3846860891851898
0.22039738660245234,219.67476598907118,nan
0.5715261425184489,83.81378718499663,1.166075117960907
0.3974461420689227,-57.24901266969656,0.8766075162687427
0.9045371410562251,-65.34525756705568,1.136943642370381
0.30004911074601504,-73.1220972297125,1.4964479473979349
0.6567276313056367,7.85367180376393,nan
0.3265532895923112,129.72760797082054,nan
0.42590835762176643,-38.422912040127486,nan
0.8126719377733767,-75.39065576414541,1.0276755233788877
0.8765484891837912,-31.70785602624749,nan
0.7926058659265589,226.56305738502707,nan
0.008946671236213621,63.92728525042317,1.490058907567576
0.8917476736786523,-62.857414787980446,0.9830841412407308
0.5718393957190955,-83.85031187552048,nan
0.5033018674831888,68.30554731645549,1.6318667313567772
0.1766193802612822,230.59633647771471,nan
0.7736840204579187,-9.344970517164285,nan
0.9216458470791989,197.10542118817708,1.1287833153072075
0.2263865728155804,-12.229892627888773,1.1538184273441332
0.09952001374161856,5.0666513485924725,1.2487928969333713
0.5016778751367458,18.37846633201567,0.8668328751022911
0.22946984931960868,-75.27434304650882,1.226043691769544
0.18340097237706066,150.00607606535345,nan
0.5932294683741053,214.5089690743963,1.123372879915677
0.3645269107740782,167.35925203669547,1.5705945996983603
0.1875978583555695,-26.168104797583453,nan
0.009876133136915629,-72.82497290335392,nan
0.05172976284279948,4.787922516659627,1.3791877874331622
0.45781421549017715,206.77410139313858,1.2318966611194901
0.14873910257765705,24.597289475239318,1.111932369609307
0.2952467066378145,46.76660102563707,nan
0.5573153671235951,241.61032606541397,nan
0.6199838729500908,153.1897034736303,1.361698143626487
0.576094609945021,55.40000837572492,nan
0.1412443712552876,79.43679850085447,nan
0.5117055402733017,-75.69159716457492,1.5324624872871437
0.8315377110850055,-59.55813054413377,1.2906717320668553
0.38365276097804213,-17.818372973468087,nan
0.28041842738950384,-74.75331658738332,nan
0.6763928043840446,-59.61228371365378,1.2383146154182512
0.8519872131459056,-27.36878831698221,0.923430555157188
0.48203877850098953,14.883557017863083,nan
0.797067213322306,199.09454798883644,0.8917594909158001
0.4879923862234463,226.1208387495911,1.1341845771883259
0.5747775561015677,-30.658106273222756,1.4300534236550664
0.14346464537074333,6.382220938349263,1.2991757795018766
0.14863154495529152,-0.7377614575355267,1.061906988516126
0.05057316161376768,131.334807489706,nan
0.9362712097060069,-70.02392077902454,nan
0.7637714601425996,202.55378452550787,1.2691652643743543
0.07167314046177364,107.92929370650234,1.0358635679455157
0.2222386928880819,168.72321991356688,1.2414984759264365
0.14741280866888384,-19.41095865546494,nan
0.49288620061977056,-65.38318545712607,nan
0.05024811031364668,-26.943238352121448,1.6651094334766932
0.6531620797998088,222.2138710211782,nan
0.0013433534991482698,93.90195435126442,0.8794211271109542
0.20991340480709003,102.62256556016841,nan
0.34232828972711643,265.9153623214537,1.0577174713814743
0.5236221357966658,8.505988154144163,1.4822292981715246
0.23026706107612932,27.277710034290877,1.185780790236894
0.09541105729285737,201.26368158243503,1.330563380787158
0.5458921441804662,18.201917048750175,0.9268483198487382
0.17164992783026223,231.91453992829236,1.2731629187445124
0.9584792867013626,237.48085509662212,nan
0.046691268775672534,68.89608211804148,1.1694244808247345
0.1778817543354563,72.67349445415005,0.897872292263757
0.29944891540609664,25.559970252940783,1.1462213641589651
0.8440170358664658,-80.71085230284109,1.4031336345181566
0.21496232098526744,91.95914289961942,nan
0.4824506373625399,-34.75693099974893,nan
0.5711118809820169,-48.01756894001069,nan
0.7487052295706347,-36.248618540565786,0.9803779115483177
0.08831941964041545,74.6585619811548,nan
0.7961041345937617,208.2829548992877,nan
0.14048292620964398,121.7672854502143,1.472073195606531
0.20295928788164874,44.739983590807284,1.0428573344505716
0.07085279812552725,27.700657252135997,0.8181798437707734
0.2563833646670599,111.20471898451726,1.71128817679481
0.7005400375373515,198.25323014180412,nan
0.41499293858899944,27.927691240583385,nan
0.8351711560786219,198.11083687160857,1.0807092663592128
0.47297550262137206,151.35260201479474,1.073698472239971
0.031071796445097166,233.9279718422793,1.417823018271876
0.3102731846288077,-56.528009587973955,0.9292782567349258
0.6081530107351626,-48.959143490862616,1.0476423088773215
0.013195259808810894,152.10542948326344,nan
0.5249549988761504,232.45929108297912,1.1379601997026123
0.08674409537024319,31.1682608250093,1.478541382272287
0.5062525949891575,-54.28308329539533,nan
0.28545125241428454,244.9432380570224,nan
0.699576521823938,80.9748107530967,1.3063784507044072
0.7467573226272797,199.73113251986547,1.3465690408528228
0.10446705950104535,169.90449545171737,1.0407336756169387
0.05643474813462285,54.64571706142979,nan
0.7576314941449289,-57.83222590407391,nan
0.7341894233912839,162.46642501303066,1.4434872376523413
0.21980800367923892,104.8834699650246,nan
0.09276415694296435,123.34155563140547,nan
0.31994366253528617,8.046122775836732,1.5595636572977842
0.20756436910407872,27.90666468061046,1.247233290036747
0.4217267316065382,98.56129823986369,nan
0.6023077431150845,-33.02502028736062,nan
0.5110885715218759,-44.423947625077034,1.0588461063664125
0.5217610361818991,-89.28700357664228,1.0279212766847734
0.04287750032111167,-27.92911056202709,nan
0.6302667131037196,204.39439817055322,0.8706005734392515
0.2249232050711657,-12.201453641865825,1.177136601518463
0.232836609401614,102.42092491313056,1.6024303828523363
0.020759453028667163,12.868613508734384,1.1967911114993017
0.2889208936821417,209.20081816295294,1.1273837990514106
0.8554024836963707,190.39651291209282,nan
0.08879054395271335,-9.035620432111386,nan
0.6750060779241545,212.7221908512706,1.2650064701621844
0.5315169157215631,224.17004307139817,1.025204253355618
0.15971297955248454,186.92205110804116,1.350708279255823
0.6096160200338346,-83.35378235809128,nan
0.1941282428359975,236.01695175426295,nan
0.6986453105407728,-57.8487846503771,1.5626052075091068
0.654286959466637,-79.04643984101136,nan
0.08622454226706285,59.42783346866034,0.8587704670022837
0.2874147976410071,115.24696742207581,nan
0.35545418808231566,220.82532276416032,0.9024018616340669
0.547052949049254,216.11942984232354,1.245520008881852
0.791948730336731,182.28283086991254,1.1943101325345837
0.525978915663125,101.7633580057394,1.2798069422162217
0.4247397600733875,88.2996372928047,0.9844786409912004
0.5265059289483662,-68.53725569119985,1.214519799596542
0.7022373986148083,228.13361871329911,nan
0.2360488764032892,-70.48553048168452,1.1652967522462634
0.07851512265363902,203.70914131072314,0.8957437241459798
0.7249906407102114,154.13528734430983,1.1845766449961241
0.09653528039274065,1.5842300498818744,1.3679109196171562
0.39954948977599886,268.96486296785616,nan
0.6866415353852857,-14.546314769714566,nan
0.11531679091735764,-62.19950127675325,nan
0.004434608158331271,38.51629741879813,0.9827713461610496
0.0015438816364299114,30.82253242072973,nan
0.5393482186336327,199.25232903046486,nan
0.6928365662682426,-62.39243556872279,1.5099895160761294
0.2706118354286498,-26.42840881496383,1.0198404450488188
0.38738452937158735,-75.50331550970967,0.7757579713849603
0.12661483851894506,262.28558872472445,1.428041187121821
0.8268939286923676,-23.755854225310316,nan
0.008556671509813318,-1.716690998308536,nan
0.43941372571940496,169.77032203860583,0.9715563800982462
0.5730906170890718,235.00022857097107,1.1564638084807748
0.0038844902310817275,-63.822867175257954,1.50565160053015
0.4970316730943268,-35.783649608195404,0.8543097613298588
0.1389852181351681,148.91861806675317,1.230462975961983
0.7159265967469917,-18.40336159587686,nan
0.4252822888232633,-33.434744558259126,1.1294252073987892
0.40761603299994353,-51.16530211773848,1.638911573269518
0.22460531518778007,266.0358536308762,nan
0.0514690814138753,145.0100558574166,nan
0.43651045195333954,151.81383081179803,1.3832462041511469
0.47866430944057614,136.07444956847425,1.1175547448103191
0.029100413827441007,185.25157469503893,0.9897604161883649
0.7938907165022128,207.6363534827099,nan
0.38326739967906553,-41.875945835644586,nan
0.4660264672135856,197.53897698498852,1.4826253922125088
0.18885999197775982,64.04581842572424,nan
0.43976984949296977,230.3353547878713,nan
0.9791631521051392,226.42690790042525,1.508602946171116
0.6185389815221172,131.06815167353218,1.3080235009927315
0.40039363302175063,237.074819669121,nan
0.46805803903717286,27.935332963467374,nan
0.05719259640730978,35.35482629804318,1.0950569188716544
0.02225437252519044,10.795015701266754,0.9731630376746108
0.1354088133308704,-81.49431059804911,nan
0.9132767253466261,227.57577309879522,0.8302597239167773
0.3465563432024109,-53.02193996082715,1.1404145747632979
0.1279041146538567,15.379496709083298,1.7272353937155032
0.34699026596231636,-48.62876529876027,1.2055894294458003
0.4776039366641098,79.9320410132303,1.1088312157398832
0.7044776819872671,-18.675535092178084,nan
0.25181517099759265,59.70828495367809,nan
0.516581576278744,-43.29458019634617,1.2395929536463892
0.6249268914471673,191.5977171025027,0.9601453349789907
0.13487801646924275,27.350606976666874,1.3116380084264894
0.48465167826829814,258.06818805340436,nan
0.03244621012251214,102.18767435768481,nan
0.8534652057001423,-66.99349889035665,1.6684503185918143
0.7519354478721689,-56.011225395147704,nan
0.6996312614889846,20.739639928342378,0.8608480473127609
0.21062648262889605,194.8824425317847,nan
0.1893721170238868,258.5043013604566,0.9412291748648361
0.3357950295621107,187.72961781474623,1.2595472150953757
0.2918035790207369,237.8639344704024,1.3065383792116958
0.18725407236823072,179.565260282645,1.3728259245168022
0.4506941961030717,226.70871575754958,0.9249584504260768
0.39169617956239183,-6.883355754880668,1.4761498329927893
0.2111285017055551,178.9601926635325,nan
0.03535936950573976,176.8263397509448,1.1432750081892806
0.3670590387499166,231.74158400144665,0.7264879552554965
0.8394093166342109,239.58140802904717,1.1573898494682138
0.2625934555759941,134.59245438353602,1.4153146018902607
0.027755097057939663,172.97311277901517,nan
0.1582777015757986,-48.84461741220815,nan
0.3061753307893915,19.775575499864075,nan
0.11230890423760675,51.73270520237298,1.0215520867496006
0.07048933890131609,-79.00525353090842,nan
0.664597972317625,156.68502374009904,nan
0.5810657902994663,-88.71686989892441,1.56271387805847
0.3139341475460829,-28.033413613483646,0.9758472914530969
0.18002891065570842,79.23668899248294,0.7936759285670678
0.6847134459878974,198.9309869640178,1.4689986068878584
0.6245124847255452,-52.86394366653148,nan
0.33673204221915953,-12.223007878857914,nan
0.6192414957354049,-27.40904279181786,1.0230505712908107
0.6016117163510091,212.60674858297565,1.0359027604343278
0.32375903383972326,27.673571890841515,1.510906368818964
0.05038793554001986,235.450616448978,0.9418387412736458
0.10906429531127015,-83.70089944252246,1.1165834176712368
0.9804256761744753,-52.503533820381065,nan
0.6544762645303461,2.989461733021585,1.050933207831179
0.6904129196264067,-18.80733687125832,1.450574012333114
0.4602858930669548,12.856426162210028,nan
0.5607936640033409,193.60296368215674,nan
0.15296695462286486,125.7882322088479,1.3609196273038022
0.21467407929409255,210.8276685074898,1.2743486477543304
0.17892876768595958,268.66597012237435,1.0045413775890886
0.5967520467886593,185.33757171178152,nan
0.08864264505104996,219.01940138453745,nan
0.10559712502459995,267.03599327527064,1.5167476672996398
0.14978802609001834,161.53497619067556,nan
0.2684868129674747,5.45018429003099,nan
0.48457589873443435,236.1595868583754,1.4994440053029707
0.13352650888590245,133.5854704312787,1.2600531618642514
0.48673502930510804,-22.542921570940948,nan
0.16395542403446733,-20.069849536985473,nan
0.3418581828280314,164.38514869527268,0.9347808653514894
0.34218179486257755,221.83908000308244,1.0952926330704502
0.109263420773926,218.03086830041445,nan
0.4589753971611241,-5.450284664288617,0.8007752421307611
0.48775696116944545,-82.95520537967167,1.2157602934207692
0.6861245143409658,-68.85672121864482,1.5539885008683492
0.328944288312247,37.84850937996962,1.129800797019804
0.776409889566033,268.15061417592227,1.1479082823342386
0.23620814816803137,-55.14180433800019,nan
0.17828416663321556,21.7565778004182,nan
0.69385182668081,7.66696706362557,1.141325500208202
0.3500233962994284,162.44406501928103,1.0393431740191221
0.3494319416774106,144.94284417116648,1.2931389874759767
0.5856346999517755,162.03350403860497,nan
0.005286624948613594,-71.44357713802174,nan
0.7471462909924799,-40.126378297481565,1.7160597888709448
0.000522567212985714,87.37843008341987,nan
0.6075840108599171,77.3533162450756,0.8546103922589445
0.4879813507492411,-84.29389755946654,nan
0.33975960500047575,220.0043424026007,1.0102256923588562
0.14495156895600247,32.31245578161867,1.2546023307692957
0.034175874644244764,256.3901750145608,1.2014413908060426
0.4826603775289363,207.7541549277001,1.3549585007722205
0.30139282741332524,199.93604679327646,0.8996310747439547
0.04844785454806907,162.59677180451314,1.322924150477518
0.11816208963784103,214.84341927945033,nan
0.21327961421507483,201.66425081635145,1.0805081936476233
0.6304819663919586,5.552143399797217,0.8077661991502784
0.7511469839226725,198.73731697991752,1.0720983225337415
0.1855548387184122,166.1835142640382,1.627814338191837
0.5050682655383316,-8.06007233983378,nan
0.3809473033760702,107.58200286828703,nan
0.9539289648344595,-56.962686426187645,nan
0.14739817686740517,217.75537524691478,1.0036529123773377
0.7277210096937079,201.5882041585765,nan
0.3341522039804927,-75.78737451051526,nan
0.522023954595249,11.437071135570594,1.5776897018297338
0.9920370876044524,-82.84015973492625,1.1239090859540863
0.7139405667983845,-20.85553085167963,0.858866245851845
0.24399696312117103,-75.28248033016683,1.4975714617981428
0.14264057921315335,-72.8228726715958,nan
0.13594465398825598,30.330397751617312,0.8528959981241734
0.48850038796638534,190.06969481538246,1.0829510009629297
0.6339539465420194,-34.522690207838444,1.1604318773141842
0.16962828285052453,-45.67120180770894,1.5058406072034263
0.7193838995302366,208.4323884581776,0.8419114526577628
0.38859961232465556,-13.929996837683177,1.0889020570443426
0.8818929587767169,-53.79391218961018,nan
0.04874987073126957,118.49254738452302,1.1055341043887776
0.33353360213494404,-76.78480118040008,1.4908442534182886
0.2544919637966687,-14.479704468486972,nan
0.05057825531266885,237.7180629739387,nan
0.1733131450235585,1.0207053593105435,1.38455679373535
0.027073592056614762,240.08037173784115,1.258137447363069
0.23197818892378347,123.44057920170849,1.0887386201996823
0.4029529184417432,206.8304017416773,nan
0.5356793902940227,211.58177100697006,nan
0.060205688940805024,260.3571848191217,1.4462206348628166
0.24963035545488704,205.42497399328744,nan
0.2838430912839299,-45.572535663121826,nan
0.24009017978779462,95.42116947745836,1.5826470554811412
0.05003183153598029,-33.57883899592059,1.2733507646646545
0.275490524121889,-65.8230240214595,nan
0.16118222296193432,119.91959205009933,nan
0.49517832160242414,-86.6147960265983,1.0668916311168477
0.6424164858309136,207.24755137961498,0.930193523977525
0.9414072800596082,-56.134578036639496,nan
0.010535536742341534,89.75420898877914,0.8625827254950132
0.33626153528066854,20.792779890493364,1.1439575742015862
0.6102821192386254,-16.997481171901065,1.5176458252679814
0.5258221306660499,-43.841712160087056,1.2179439573116502
0.5189241805206236,-75.78745628457014,1.2311031364249194
0.8646725603264594,-30.76627511287642,nan
0.571527510400643,-17.335007794464204,nan
0.2833979068550454,225.10139635490376,1.2069854858725333
0.8798862947887998,-24.668755432260127,1.0887928998823104
0.42368505068186946,145.52488714540218,1.2278434422513924
0.7083645201228667,247.68525261777063,nan
0.3116355346118739,-63.3599287365873,nan
0.6281090013367314,-47.26848589838238,1.5927620748691513
0.1203744008972426,251.74899097296517,nan
0.23847767838859582,-5.535909316037305,0.8241079117162169
0.4473442802825607,-72.28941226559655,nan
0.21777995379257709,195.86676302210466,0.9308465571419436
0.13205828277997095,242.86117680299128,1.2596232728873353
0.40580692930024,-86.08334430979536,1.1684398254007862
0.407199914997305,113.52713490178894,1.5078515895206408
0.38651609905913115,249.38819900446003,0.9404773019336462
0.754647586198356,170.52348691622862,1.3332394880809684
0.34431064119262167,159.1418643840313,nan
0.43574963852996806,174.2334118010516,1.1966021559523239
0.43680745580796954,-68.99525726364483,0.8997548289452707
0.6432611221022341,199.11443353599446,1.240164044155119
0.28625812196928907,-44.66395957367797,1.3720529059213469
0.11960759361010118,137.72630237581993,nan
0.13935121377882065,146.17122659887258,nan
0.06460055259565967,163.63870385668784,nan
0.5196211328869944,157.55970405295218,0.9836435052285043
0.939660218778597,-30.40569920464071,nan
0.05226433266733796,106.41244447572919,nan
0.6460429858712274,-27.689086781580613,1.5833049845765683
0.49823264238136367,42.53721988678174,0.8917836084168087
0.5183640205408759,-58.10308844910463,0.8851718837326423
0.6328890744842719,-12.521142770149197,1.4501317189970842
0.6600290450840344,-1.8879130697675066,nan
0.7299135818530793,-68.80455941197069,0.8590686556386455
0.05471578154836353,156.7614509224751,1.2502049730598257
0.8267476358910246,-26.547530994842425,1.0046941938554006
0.766435612050683,195.97196828467344,1.3617853016747858
0.20514376315421667,194.80654211949275,0.892911376769806
0.10216471838309725,14.166051033978132,1.1308345189121056
0.8928573801996271,-70.04495124601627,nan
0.14988028805917114,259.96583269977594,1.040397410174988
0.24049774597540208,-61.215783103683236,1.4372507544080015
0.4990880469765827,31.952494273660903,nan
0.49719994063634126,226.8768588764561,nan
0.198041422871979,158.75267231775524,1.362335964100301
0.6670615627879848,2.9806603586247533,1.2922854923145093
0.2533660846215723,155.4193965807117,0.9710895440181773
0.2230055828962332,200.87438340889918,nan
0.7518541880471619,228.6972168516695,nan
0.7010910117988929,172.89696994388495,1.347768680896915
0.7806846942902411,194.10576643586137,nan
0.11158282977090156,134.4468744854817,nan
0.5687883509827205,238.43375900350873,1.4101467137883894
0.6766013396407943,-15.171352245938369,1.2712110324389072
0.04168665815662986,228.14091159278112,nan
0.04342918052173078,189.20207758264146,nan
0.23694292314805554,28.8142715686935,1.0563588356884328
0.3174836823911754,230.28129975547915,1.0677503408248634
0.939660218778597,-30.40569920464071,nan
0.48473476709430224,-29.771072470710983,0.8783279083925802
0.6394974140021937,-40.51934514547696,1.2817943674044725
0.5103786001487751,-4.482103860330113,1.4139648779330223
0.6117206619306862,-58.493685762009264,1.203105601652048
0.1757372484678122,10.373309112944327,1.2361968362680544
0.9592965218953939,-57.13224076483391,nan
0.5728571293096314,-79.59419870156984,nan
0.0807651846864085,181.517608488761,1.3708802103831157
0.9139200792791696,222.93035767685612,1.0654776780927615
0.7464903101459657,262.19283890019057,1.3081447742742458
0.13438880023775213,269.5090831820374,nan
0.5119581752022846,-5.689021078142616,nan
0.24256628594234636,-21.121923123402212,1.684891046408652
0.29853521379708975,132.71628406152453,nan
0.05584675954984941,43.9590761112959,0.8823119958290428
0.5581196469572436,-68.23038112286648,nan
0.6431550763152973,166.0080887854134,0.906264813013467
0.3900804650723398,178.31099675437758,1.504369941014066
0.5628632038692056,34.593406753484224,1.3278950359211015
0.3585046022043811,236.30278655705047,1.2475492470484921
0.005063849413257306,232.3203126275924,0.9553726727756472
0.24518820470667535,192.90065084110788,1.2936401857950406
0.8986302733092477,206.49339768470492,nan
0.6399375663202389,63.215183651304,1.063956358450884
0.01412363126540124,61.30579559326807,0.8624559825578233
0.5022159567586497,187.86356560039195,1.0888747290469878
0.5593447609495756,-30.974030678371964,1.4524457994842912
0.3026158506669376,147.943077931799,nan
0.03818127970368773,64.66390672338233,nan
0.5162628630661649,-46.04515491400696,nan
0.6204893512424143,-13.714405615567415,1.0816560012334582
0.16915469148881335,198.822430013591,nan
0.3568919521219563,76.30117448776093,nan
0.41354008128515113,-34.2802144130048,1.4143508714637014
0.3892514991987511,17.36592308298718,1.1965588985027067
0.12675624017161416,176.16546176015495,0.8092059036992029
0.4891674752490134,168.23585418193443,1.59627908371914
0.9151222420395746,-51.18962677771742,0.9074471147005717
0.5337193234869924,-63.46151069001007,0.8316488759635255
0.023471962520854622,230.3354339176969,1.0220700932000888
0.5207924608806398,29.207274613174658,1.0917322537973027
0.8013359829600957,257.69140371905837,1.419941746172356
0.12345878605229596,195.59458214208254,0.929430576652745
0.513753837901783,8.342392919387237,1.1026381020270468
0.021751423808340276,-54.86007346656589,nan
0.05650302383004549,122.6293299237027,1.173781588318086
0.050680354883392065,101.08684566114532,1.5169780460203641
0.5182942724794659,-59.807437719133915,nan
0.954348845313088,207.83194937475454,nan
0.4628454792512179,-47.85263118531393,1.294848408572883
0.1063660059386182,163.20303939212255,1.4502164954593828
0.11265816877678207,269.89378882867146,1.0041012445615654
0.05058796922723341,47.313907171705836,nan
0.6809733876063981,236.4567548731817,nan
0.21675280153096288,265.578938604979,1.3421420581063996
0.823346422867623,218.9007294330675,nan
0.2589764089235228,-12.250068650109299,nan
0.05333297284572758,-64.95731886189247,1.4283326600023036
0.881559301111796,-10.870432509141807,1.2399466603402298
0.15788788222431316,251.3820274909799,nan
0.3537558388819822,24.26042682297699,nan
0.1677732386376518,236.13683716220015,1.0995355480241074
0.928574083019468,-73.32634159772368,0.9751224788569917
0.06788616899267252,157.44802579020518,nan
0.9977945438580549,-82.91906499216309,0.8761308787753752
0.6531759040610994,100.01735587514047,1.151942933791014
0.12542801827474231,54.35197853020048,1.4617608472941874
0.5305823421563562,163.6587937992727,1.3037917893832907
0.11850386748275027,167.6138296585432,1.1935545851413787
0.7324612936452619,-7.578873316015141,nan
0.562676733880886,-45.525227429999376,nan
0.4075338187091767,-55.860874752418255,1.2969727819286185
0.6874219132696275,7.956439992083574,1.1482947901950586
0.6459748485155519,178.95083758502926,1.3046583301494448
0.17121267679831714,224.3497791506587,nan
0.6635529352468117,-87.83526965606507,nan
0.24581319722931988,91.40295443728857,1.5440460783669487
0.0883587070376954,-10.980574302984238,nan
0.019970922713076517,7.072410236046835,0.8423255779895381
0.5270773140283889,-70.80986395651618,nan
0.8241380176781635,221.27997044540845,0.9232767601662651
0.7581821226294172,10.339809767700956,1.367185644140506
0.12418723972623891,77.27768091998657,1.3335516683399866
0.3211985743623543,129.39683738999724,1.5510821503443095
0.48794785899622367,10.537784778020566,0.9963477421275965
0.7106994164811946,247.69332916264375,1.4486688135905024
0.3848927099616722,143.12963560024218,nan
0.838617715908972,244.2166087423498,1.1782397261562434
0.14957125615454406,-84.06379470713546,0.9030185267987088
0.2721943825595942,-43.921341837637556,1.1909441701248311
0.944180964078383,-56.82591603555889,1.4548627876433973
0.06812196257141334,198.06602948843886,nan
0.5770466464832265,13.196110281619596,nan
0.26867081383829733,247.74851800359912,nan
0.6960199177874786,-4.114060677244035,0.998365552096132
0.35768105060254257,142.6689734430301,nan
0.5653107756713075,-62.103924882751045,nan
0.36620792682542036,161.55976498997154,1.4392876269535042
0.21939872471166721,6.0933643852454225,1.0829023712296941
0.9018921126486974,224.63512449257772,0.8420457187125424
0.057719294118142805,209.39462718946612,1.5604971359676523
0.3715747492148353,138.59841053197573,1.0045190095723395
0.4821047624094347,73.11215742265631,0.7987246328089522
0.11330336505824076,-88.76136386341634,1.049201405374162
0.8949185035749132,-66.82116245761351,1.0942762131703279
0.644420596212687,256.12522212292663,1.4117225174109893
0.10941400379396832,172.52176603796326,0.9327845917289658
0.8157610603191592,-12.048035165985837,1.1086609283748357
0.45220475132493404,221.5125966003,nan
0.1871702331583758,-81.42979481564578,1.088724418699869
0.09412630919802789,71.03541339010968,1.6590979959511067
0.42037947572554446,-77.85600439599101,nan
0.5741736229362472,220.06861017189146,nan
0.5649389876127566,-20.780877016621012,1.2462717879781489
0.2761569011359869,-12.327527523938215,1.320801023924499
8.768990864871373e-05,63.28118460955663,0.9703367706532373
0.3175785245136108,151.8137096389252,nan
0.5431379685757369,160.72557465720794,nan
0.20257740524144477,212.32879982969004,1.324700749941385
0.9219186558694967,227.04200812424182,nan
0.029435065468576882,-49.56678916090755,nan
0.29147365352585286,-32.41622918741851,1.4798813932802197
0.5758441641677459,-9.838410202239185,1.3881358362519682
0.13698275005808236,219.9857698314156,nan
0.8331338942944806,-47.85680320175162,nan
0.08082592365833391,182.02850018506405,1.0988521842524717
0.043902428319051834,139.2577694520476,0.9026049939866959
0.5663797873758928,219.8286597632957,nan
0.3927240553278583,182.77439101815355,0.7303368976014587
0.5830160818260063,260.3310733910789,1.19106668899376
0.2907358892850378,38.469459721559616,1.424348491960857
0.7608846156638365,233.4130956077236,1.198689113282525
0.15115909337938516,126.11952752583713,1.2624333455968302
0.5481354543376535,-21.39470885875972,nan
0.5412143799401676,156.34778413144375,nan
0.3092411379128253,90.06888542645149,1.2723187428497715
0.5706925834327267,-3.9794746822079503,1.0732622713259035
0.9486089747002038,-58.57812228808862,1.3691955499583002
0.49897975675824424,32.95325731232135,nan
0.4835340216051859,-66.42948958842467,nan
0.2887392849729769,202.47018425518561,1.6513475670332163
0.15456847005399343,178.50032897093075,nan
0.24549713334500914,221.29335756444024,0.861525054558877
0.4899401060099606,36.987546225343095,nan
0.469667426416385,144.9423070132197,1.0060081920662445
0.03853208633220073,123.69001299471296,1.4012060700419597
0.0972193011116343,-52.5022811118032,1.4079616597947169
0.23694687685727933,15.048885346545745,1.5862796404163926
0.44705885658899847,151.4668863705263,0.9324877374668286
0.07168078398829772,38.627543552288074,1.2888997201581875
0.09839263069947124,261.21469815373877,nan
0.9588956688107384,213.93288993462974,1.1964512306833341
0.36188567957955053,-7.805738072427886,0.8420075054446845
0.47018311764259885,8.313408255399011,1.1028233111833052
0.30378181614575384,120.90935290314948,1.4620677261531403
0.12743945011636065,256.77667592656127,nan
0.7947939308853279,-36.77530165133933,nan
0.12356355117226814,243.74555081964317,nan
0.08630138433459988,133.0023624983139,0.980937712483207
0.614892775966186,208.69993637587828,nan
0.42757122582982077,269.0576231146526,nan
0.6879185795899293,262.7423183124772,1.5119819773729561
0.12341450246216883,56.91714856714107,1.133693261855503
0.48192875548672126,180.76146804286734,0.8767079532186174
0.48394135802483823,2.517126117876842,1.427965692513724
0.833290027102897,-54.699605992108616,0.9051693044092094
0.4011217415965375,257.90104349034533,0.8701824263038581
0.2951859674453004,157.1996353657732,1.0895822188636883
0.290616908398311,201.1077237489158,1.229283440130026
0.6341204995279035,-85.50512523599038,1.3123177724779815
0.3541559569425868,3.846532063036193,0.8556323920593211
0.07339994043575337,16.994411043209894,1.1404406727663863
0.01544153363090911,-76.53698083505833,nan
0.004135219104047905,164.87590866868118,1.2260942934283263
0.17483205942156835,128.53000021419427,1.5191357599038444
0.2600358605368235,96.42235850800029,nan
0.09172124860627473,-27.61373310399702,nan
0.10405436155279502,132.14321013990374,1.3624314419638524
0.14287734051803563,125.37248400512765,1.3944920080214862
0.8758103379677773,-57.4780460849215,0.923084366168191
0.2671227044981444,160.8673488394984,nan
0.2508813942610108,69.19253229639568,nan
0.7456493427725154,188.57654004286192,1.3629970514008851
0.9859414938943303,226.5878051513331,nan
0.37026846371174915,47.8679262523828,nan
0.21488392810672785,-59.085759636110936,1.6311973224399021
0.2427852498997279,130.1041393924154,1.3292350591716866
0.3467261638748533,130.15276809807,nan
0.47040610381521786,-1.7842069015588322,nan
0.2914489685203537,43.58898642038011,1.058029381342109
0.3496373141453679,217.9619952236588,1.0565997942860443
0.5162308266964037,255.21294324244542,nan
0.6111043634652046,240.7835462661247,0.876936807131834
0.27653213750477057,258.69567955550184,1.2740516994029278
0.1946799222174604,97.4983198520882,1.478869925735708
0.47215822017897724,154.9085910563786,1.2127309038998635
0.15929115602875618,32.263094991521726,1.1737576847120534
0.47790812715267994,-69.13008120322985,nan
0.10769932727129997,67.36386665082856,nan
0.34919825940867627,192.96204755284742,1.309245732256046
0.15032978179883513,211.24012617426908,1.085715376131998
0.6982398948365127,-21.751131582935955,1.2199507075766132
0.5537804138412025,-54.015525702753166,nan
0.06560779293275792,127.36951304335696,nan
0.43705705964592956,-76.21875560983398,1.5105351231335093
0.036806503869992846,104.4918790640387,nan
0.06681782897789448,171.02148079159997,0.8952950491082093
0.08618394613577449,53.921152158881256,nan
0.5476929801726546,174.70193447648268,0.9293525929960756
0.030432819536814634,168.60872409806785,1.4834156395994964
0.24487934938927536,45.14956491043631,1.2563084317943127
0.1229568545505614,49.258789084648676,1.459599296286045
0.04841164316704266,141.24605705863405,0.9705486054522456
0.09012413028429472,-75.36818988106481,1.4305667492137233
0.4594581948156819,61.077497400266026,nan
0.3564741160016289,233.89230920651875,1.1318626377832604
0.9552803609543197,224.27553213737193,0.9190048532432556
0.38636933546331936,-15.344362381894399,1.1780254627422422
0.20227754114260993,124.32055804012685,1.3888928000949192
0.1124115649576277,-70.74659207261752,nan
0.869022298418729,-29.776527860160606,nan
0.3572671159011227,60.30178895686268,nan
0.38139063623373326,262.68676909030387,1.0174932214973285
0.031794416643769474,211.13841466972468,nan
0.5156223033392446,262.0045196879249,nan
0.2812203464825369,145.8383206982491,1.4268414173583366
0.5729922599993872,123.26495543894654,1.0482732063870508
0.8280965559817506,208.06851583718745,0.85211845387923
0.36116348275906796,157.27714817358557,1.4845637812208705
0.42925472558210387,39.587937790701375,1.021290803856752
0.31277096677470784,41.41339764755034,0.839149240864531
0.2546186244782407,14.767296176764688,0.9700025270377551
0.056246621086400744,268.57280331380133,1.156170706263142
0.6418756066164324,56.87358909414169,1.4033612602572796
0.15680882210027444,-41.86845101592998,0.922637512589805
0.05807792785263738,148.36936433823627,1.1979982667798545
0.37070539479535813,-34.37519525213,nan
0.14770603099793478,37.215389582044594,1.1883757924392453
0.20077852741366475,47.257690811654555,1.4390468377351873
0.2045970009001129,50.08692828202561,nan
0.512018103246801,-81.89367271126848,nan
0.26057095539362696,110.05123467091757,1.3888078080152146
0.5757645442043087,8.91688344781528,1.2590188915175462
0.4956680444016013,-61.56018551438196,1.0529945097597686
0.5257253508889956,241.26514091339476,nan
0.33806608058298915,-54.12327237660395,nan
0.3436649049323723,157.74228388551046,1.3097911893018213
0.05870750316006091,252.7523626057859,nan
0.7657567653449935,207.79048723457697,nan
0.10374648373211881,-0.4165378428817803,1.6765802894237904
0.6143629072965173,37.99079296247939,1.2794094618689402
0.23303051456813656,5.702865876742841,nan
0.4490535797630626,66.34894624586664,nan
0.12855077767642753,101.83745579307669,1.1327102287486248
0.20860943120638875,233.77390713302643,0.973609526216175
0.309583372094259,-52.333795083178416,nan
0.2691635189640828,-0.8807891657854796,0.804547482000664
0.49973461245098766,258.0703087071642,1.2735696927263038
0.5419217342699829,260.4177636282879,1.4752836752115988
0.7916070379385614,240.8648105963993,1.2777455516476903
0.5082070852198017,257.4922959854094,1.2156497577311165
0.23577875747685606,202.68695712585378,nan
0.22557153077214234,-84.98156655487197,nan
0.003186087685554867,-77.08568995042313,1.2564153307853685
0.13127484096656802,256.4038575179389,1.0760830932825818
0.6730542879511638,-55.96489072879722,1.320668967532296
0.26530862097470387,47.63718167619797,nan
0.06923502341042981,164.47532981031515,nan
0.729643933563951,-18.04315384183808,1.6825635086617097
0.07527519988290471,-54.148111937056456,nan
0.14406095804859045,-63.886624999264825,0.8641972163891156
0.40443833954761366,37.84119921493192,nan
0.5531809790196134,13.06318688436464,0.946677352481254
0.5917708042246751,131.34255957154028,1.3839865829529592
0.27115605694566663,-42.725471035393696,1.2199064332296539
0.3892621519787819,-18.058401860766025,1.4972588526480122
0.7352536277341862,191.21958713829468,0.9992520354426832
0.20653975460916524,231.3015741431515,1.3337058863657276
0.9130785295856363,263.19513705994166,nan
0.024745695041449054,262.0103506566164,1.1623697766482475
0.6442955512554756,207.81461259019002,0.779728904725519
0.07605029219657256,-9.314287673574597,1.1056777049375615
0.7652082240620437,-37.82069557247781,1.3893659564431466
0.3622383823287214,70.25877614951062,nan
0.09400542725361688,207.01864905271805,nan
0.36938979187670956,120.30169942715247,nan
0.02613090028302338,178.74078041051519,1.0683317855654093
0.5698630187308329,27.168110782920934,nan
0.5569892474817937,-81.27534154405967,nan
0.3152068532731185,258.09319555814454,1.3974148867294123
0.25399844083510303,226.61360584191812,1.0657149494629798
0.3298846400300576,69.53560591549333,0.8344194997063337
0.2812391802277001,178.16030952481225,1.7592479557083385
0.6581582052444153,-7.46542553712095,0.8723729873764445
0.4363896426867008,-50.32355289769549,nan
0.047168471718226856,-80.36886568244731,1.10259197227741
0.18991007054793865,125.5396187504362,1.2276278518724786
0.004510100407311923,73.23480877882086,1.2841512589970279
0.4109760428625222,64.58316817470558,0.8848665882443519
0.08064551103606377,97.06026855803384,1.1082060315067028
0.6854143573106299,-69.61941344031752,nan
0.03259052546002447,-86.0966144094651,1.1698155054811001
0.35154197203286963,-43.762336765122456,1.6364807867279607
0.13469932339476662,30.338218326099096,nan
0.7272249238137217,192.315709409597,nan
0.6883645820489898,191.42383301764693,1.3342937469344993
0.14991301804673257,3.738541593134528,1.3159819192789957
0.006963994270067803,97.67026518705171,0.9606645694436694
0.6443043067267308,177.74355047460986,nan
0.41838386924212556,3.8348220028434383,nan
0.6012992615623138,183.33832017098217,1.305725387815933
0.3204604783193644,86.34772487972263,nan
0.7339007005176658,-5.512350148362344,nan
0.17536624759162822,-20.096025659903283,1.6801368356135304
0.5047588578372671,-23.42322317954475,1.2677227350668545
0.1938645265204493,88.7371212659164,nan
0.13719648234182355,71.69126742836754,nan
0.7501838685542583,-28.008164357607434,1.1625091076533645
0.1729517002284076,-67.72873882708677,1.0164052592971946
0.12545338196974182,231.61360248814293,nan
0.4346574176681418,-19.29784300448514,0.8315974879665643
0.3811208526789133,243.02091592874112,1.2684720202691644
0.016435787764182887,183.36657965833805,1.5990682862815135
0.5341962519456008,-43.813704573891,1.2725128480589365
0.5009640134294916,243.3837082733824,1.2130185343016913
0.22477910817504293,51.94415673238423,nan
0.038363223667015944,6.506369154974031,nan
0.18639746564899062,-24.44098176892888,1.3028774456712695
0.289311985070522,97.01175781217597,0.9699399493863684
0.01974704604035156,173.27193598067143,1.19712360338608
0.33416859228215756,74.38782569330874,nan
0.1007805188177231,193.06486766651,nan
0.6902029277059237,-13.929533461698213,1.6034372493963565
0.041601301924542575,33.940154819108216,nan
0.14336181500026357,38.81859100537477,0.8114911619058156
0.3635170251171517,27.783147227443393,nan
0.7630231233026954,191.19892247235595,0.9298282581885059
0.6092393552863253,195.0759972884661,1.3141050426605292
0.5221771934778401,-35.545738990047894,1.3235472862952748
0.4262923631946756,97.0576333178023,1.4758751829542913
0.35810335600387727,241.05847068621216,1.0432675030665608
0.3261993137615645,-67.79606923072753,1.3909311487644505
0.9590723264314245,229.63793217616356,nan
0.38047622231444805,54.807968773622406,1.1043065115522053
0.7480107281960129,3.892977203762783,0.883574192540908
0.18833787554396267,110.59543377437167,1.1348946149233272
0.7169542356261943,-24.849071626102848,1.4973500965100568
0.1910560314138439,38.89674806971618,nan
0.0619418893221626,166.99819348310757,nan
0.8226670474000226,-5.3572698641515615,nan
0.4817807841215117,-26.211720736564153,1.0434316288079535
0.5747203148849932,217.99475527201943,nan
0.6888479905587427,-85.30202134738605,nan
0.21114641723397404,9.102139194232038,1.4931948997985012
0.05390256479810118,208.66723678606405,0.9839211713472734
0.008035351368771093,154.99301093150478,0.8130556011405787
0.25748063710332564,63.02664172775202,1.4954503806605008
0.3355589490848232,-31.50119424960701,0.884871801494914
0.5355326265403855,163.20468801717976,nan
0.33946847291484705,-57.25588961839219,1.0667333992844483
0.9843448288952448,236.2176252553467,1.2060544950993843
0.30570895796816977,148.0992995257206,1.396662011102383
0.2091469473844897,65.61224030319607,0.8364957873638836
0.2561709537813628,203.30598365499293,1.1515188408728119
0.7868384307883717,-42.63368795766454,nan
0.0042076416572881525,-56.017728321387374,0.9958649366895721
0.20086035813088562,59.487546246562275,1.4516118301796705
0.22040241781922043,-43.1472278759538,nan
0.8480208461718621,-52.574199360983414,nan
0.5179562186829871,106.16519805112857,1.4116366227874753
0.6235804919457262,-89.97504243456541,1.2632638722208074
0.48939260510555893,219.42869872549483,1.0267234888907106
0.5717091010281894,250.2220688843366,nan
0.1696315566189613,-5.566690406050583,nan
0.820209688615025,258.2955101175304,1.3900843960015332
0.18121204170938787,148.84431672338445,nan
0.3775409604431787,36.89760667881572,nan
0.09714253789070393,185.22460039400934,1.3679938226331188
0.9413533502520907,-53.0779514529703,1.3584231543840692
0.200811977783808,-37.35310722664336,nan
0.1543021493356813,117.34948802454367,nan
0.4629386521529155,-46.94485318278577,1.100789887921046
0.7596430542041146,-26.264151802226266,1.0155736568187907
0.9587046918554809,242.84425708232894,nan
0.581924957668652,-73.5827391510605,0.7814997442892951
0.0646556412325969,-6.833918825577471,1.1597246330816287
0.04020586072347687,17.70261013193152,1.3295412961881676
0.04258413177236776,-5.605670639814182,1.2429996783056363
0.2634823367666211,123.00152613289485,1.1266853575144984
0.5460441470581776,-66.47632816056898,nan
0.6955458679017458,219.4880945819977,nan
0.6476543294339543,-25.636319284924273,1.1655497708475697
0.3537344807223163,193.4634369228308,1.0434692035034066
0.9511003464126818,266.4977965441607,1.3217440999829422
0.08327694588607011,-52.95768726123089,nan
0.23177106130978486,54.98461433834487,nan
0.8731548859283715,-19.450683113563596,1.7124794876527294
0.07049189944346307,14.597373450372018,nan
0.20848980266299177,121.21116067442357,0.820801209160389
0.10875016360885364,183.24750052894183,nan
0.8691207076366113,-52.69341913825585,0.9130198445269188
0.43320466070080854,63.77292361858153,1.3736954032678816
0.6118454042284112,-64.06944973621154,1.3731560469558501
0.44602794098738013,36.764280688341756,1.563893688839178
0.7585563746969035,239.8169604534253,0.9223583000518788
0.49124614870111555,-22.742130848922642,1.3262304781002896
0.6301976002079936,254.00245721252983,nan
0.03847921574862273,144.74800846761443,1.1373627113846536
0.08973219657296372,-10.4838919383917,0.9231593005841945
0.15715419892876062,11.685964527749832,1.119066890283444
0.7078642902581034,9.851038241844691,1.4925432322926626
0.037097534036345414,37.403895864235295,nan
0.11372923719944929,223.6147255901709,nan
0.3532377922332518,-79.26633973454065,nan
0.7948240963363262,-26.91638143524944,0.9592916197305272
0.8415371412789874,239.3048902601489,nan
0.6355257371017049,-2.466845588312509,nan
0.01344772630037018,54.788846457175254,1.5111337493181198
0.21373078016299485,41.73313494589627,1.0273492592847577
0.34604643611120706,-10.885508731132354,0.7797657713260034
0.11866835010153147,187.2544254493708,1.6298954920983237
0.028585933166905386,-80.66331690444048,0.9109330151698909
0.5810701517335033,181.89625107406457,nan
0.19562911673341116,-39.93310948168674,1.1547280393292196
0.15390801548231775,213.6583446656995,1.0955524841994433
0.24707989742855918,269.40989078330426,1.4017082105371768
0.3215189624310454,-35.71696758932802,0.9078369529193685
0.12079860802329809,189.76389112038203,1.0674139346142186
0.6684844999132392,-34.70377841232144,nan
0.08527621678777747,201.76853437534427,0.959243419846043
0.3461745594179397,-50.634588302167664,1.5155844145891242
0.41478440318345655,202.321083363168,nan
0.39356406667757565,217.17512610590768,nan
0.3543500152209604,31.529048950024816,1.3001286823199598
0.11514160844617904,185.52921400816456,1.270358672023696
0.5853311955006456,210.58868661929432,0.9945212936914082
0.7905382618335766,247.7824810055997,nan
0.7659151209978052,26.70328011738974,nan
0.5333217434942044,245.068251223254,1.2459566063844836
0.14851399602223125,37.20402640909836,nan
0.15415346991376483,102.29881843724525,nan
0.03335201685252706,-81.29367440995664,1.4728908023892033
0.7082283674552705,-53.538403946007435,1.3909842898489788
0.07016580069282358,101.28247396687193,nan
0.0891949672124341,241.27966698656343,nan
0.012431595837626652,-44.16121753669897,1.1078247296496917
0.19128349724020782,-53.025520429586436,1.0293502965533263
0.9495647447365578,239.11296595267183,nan
0.8144575394582846,-43.261156174680465,0.8098538557380627
0.15148675595764405,240.12739797143468,1.231033090410166
0.44478299374720487,-26.342380035507198,1.4571806116447594
0.06705908371923149,-47.11854055860151,1.301981437840093
0.16457791477324255,201.86557752295732,1.133650154053674
0.011789992249867431,-13.454248808679665,nan
0.919134296660086,233.6603830837726,nan
0.24513954308876007,100.51337790796995,1.2397809228732972
0.008554794222377593,267.15303469546683,1.1876957269361934
0.05984672867452871,65.46735168413373,1.3387854885251904
0.8649057100086283,-29.684865122509326,nan
0.030264098321138244,249.2402449291319,nan
0.38116370287921314,-49.37937662422556,1.7527505650901356
0.07445156616356627,-57.85865263092494,nan
0.26351645947064045,85.92568865606835,0.8878402411212587
0.5089271168206615,169.55511717364183,nan
0.13663519123851975,141.21063915178456,0.8411548638344156
0.06401704015400314,22.979037885508774,1.4469780442105629
0.12937848675697183,203.8287141443954,1.4869705189813742
0.492400103642143,241.4452600344241,1.5654100801080622
0.5987551122177126,128.8710613210199,0.9439810209583251
0.5406392445553418,227.5511804648786,1.2231350865146686
0.46875068459550595,223.22026441469333,nan
0.5170443766872469,-35.73788837890331,1.0617405395287152
0.21304561936243194,87.61097550641396,0.8574998852752989
0.9212865952958331,215.20684409447733,1.1751645160585436
0.8066403675981919,-39.81839793307998,1.433164535627667
0.11458825308218659,222.37007451246367,nan
0.16391191783919648,157.00338420563406,nan
0.003815505599902791,-76.79681738595161,nan
0.36881517073170067,210.15444542816437,0.9796825175349474
0.6518998040210854,193.21568931104707,0.7672740698327243
0.17734458907025652,-67.34551390409214,nan
0.16688469063031153,210.92903804699847,1.5507843491806015
0.4378381411801976,-40.89784493746001,1.1274401622214114
0.5719964854922301,69.52672180435604,0.8061130263083606
0.6735051427088005,141.60658926100692,1.6061082179823922
0.04783725450288591,140.37627977890057,0.9533357038067694
0.5045413134047954,94.16438386811011,nan
0.5106549602504414,-48.53453742420823,1.0923147329261775
0.027663341158463903,103.68871586603075,1.102285402460819
0.006329018115472249,128.69555611115084,1.3657026852392078
0.8533383949331014,-39.73931208633661,0.8975273062270762
0.14216986168386175,77.26215188524557,1.122195729628317
0.2653584549631262,-82.97663816157389,nan
0.10551116856746444,32.503882290705405,1.0772427925976515
0.16142471667273608,95.16097479616477,1.54769907082453
0.8819671196335741,221.72555388977815,nan
0.25052292242357194,62.013336244005416,nan
0.41792670175391416,-17.677749362564413,1.3390238372967938
0.22434832586933734,267.59156026121855,1.2083730252427782
0.3672360434248541,165.77946405359094,0.9176663035032473
0.48208228409870413,189.07875163353287,nan
0.6074395809031539,193.51683308384423,nan
0.011208499145456352,138.67318986229873,1.1987313211438266
0.43030009916529516,16.278736901205733,nan
0.3328478876085986,249.34364111002066,nan
0.9212414287549038,213.74176378830313,1.341780644280661
0.5873027691372887,2.1029616215489,1.3220016844759197
0.05103274514191597,220.66542724097582,nan
0.5106868232308004,96.28000832860687,nan
0.23972658358402155,-71.87724667575637,1.1197601711814988
0.7300013506768052,263.0290230024953,1.1119882762188187
0.33410559350547414,233.95623573487765,nan
0.35366923582238213,35.726128226011156,0.741544312358539
0.29977201978751067,124.3749195571516,1.1836665015052374
0.335006073628347,13.036526207980188,1.5850146956669855
0.934410892636625,215.96767094216938,1.2199007302990625
0.6318577952006011,215.98473833184514,1.1990184617445327
0.11119379437672022,168.05950132592488,nan
0.44371217592047696,72.01168250818287,nan
0.038232202383462255,88.39307575006177,1.2525547270977078
0.38219876909435935,95.73971146521106,1.0828119510499898
0.28857943386486123,114.96754824625862,1.281517484695849
0.6044133836756365,16.729989381916425,nan
0.09377583491067865,203.5064908355236,nan
0.4524205774137353,-18.53346737104976,1.970428919960678
0.08820291189762836,208.43263020331776,nan
0.06327240112548019,191.45323115747783,0.8380017053459413
0.7978213726659682,219.8111215691767,nan
0.18469557484080312,157.05715542182625,0.8513829435224384
0.7430904214225655,-0.2786912753809361,1.325335386453886
0.5491186534854204,231.80694566966935,1.4415422003180736
0.38803519477255854,41.398264197987004,1.1995921324107088
0.6331584550642251,178.92606161720232,0.8483781665295427
0.45489046028186214,148.25876734446382,1.353491540579256
0.0015437489276720617,135.0869140963741,nan
0.5826214292557115,236.81171126593932,1.0803856140109567
0.1726637077680211,255.74252634151816,0.8362855744948753
0.751337035383339,194.37385104708025,1.1135845172064704
0.5321678949849957,-4.043118713776746,1.366960592119657
0.10704336021643251,129.94095523676108,nan
0.6828804994355948,164.0289210578555,nan
0.21399064017355063,-77.61673507160972,nan
0.6603985647219628,267.6214189400578,0.9586005049903328
0.4954448485015194,231.22019089962407,nan
0.2778747759311796,13.266331630041716,nan
0.008614444753239858,44.47777707541488,1.4721957086161306
0.4904453139242143,27.93778193666145,1.04488653999598
0.7739898297278142,205.83465630513936,0.8477395771364277
0.3473207919698251,235.72334420693952,1.6460221419006378
0.10936747911652406,208.5155714750344,0.945294509013698
0.40167152553827423,-69.17121014997383,nan
0.075312858146657,215.080884719244,1.0536563191317516
0.8184549007872222,-41.88360468600723,1.1506164831612367
0.44856589473983943,1.3653626254084372,1.3110550285550784
0.5897322215264693,-3.76222974865388,0.8490871456619142
0.41835598709287475,122.34200341397889,1.1300438204830499
0.28220953328885434,76.77910486178914,nan
0.5081263414473993,269.3887669380398,1.0151147290672344
0.18776942958874254,39.03344096228956,1.5247662693088073
0.7900406947019301,187.43707687737376,nan
0.3308979795147412,253.01440966840215,nan
0.6275802506052717,22.65458074586978,1.4808857038358947
0.5899183248305696,253.95146295704026,1.359572298639494
0.1081376088323881,-80.42944389200578,0.9595678746051308
0.614735604848277,138.5542161454611,nan
0.5511651329678204,214.82548804892104,nan
0.11868259321149405,-23.36629251705307,1.2483475171948337
0.9497449314798901,230.1078072480788,nan
0.0006367365395120173,201.12583246607863,nan
0.10505179647332052,207.63703942209708,1.5173907948712018
0.1912176000401991,58.51383410109972,1.2694948524839087
0.04186931886816689,245.74743007574642,nan
0.6161348455813145,237.08161164923965,nan
0.26457902537353933,28.3154689539096,1.1070536150845538
0.12391602937583884,106.447327654086,1.0040265407215876
0.5764347528350011,186.16552315225692,nan
0.3781134300356012,203.79141003049114,0.8010749875523167
0.08909674978039706,-12.222092396590284,1.0449052816064408
0.7142269124352052,-44.30450202099202,1.4132408713066837
0.07448723622164122,119.49644022257796,1.268749572515884
0.5803732573913352,258.77765124512956,1.1314725940931276
0.2262354650354309,104.10717386154727,nan
0.3373286485942914,83.44030402562765,nan
0.27351923610156653,250.2429750948208,1.336813620675636
0.9245676206244853,-70.71510339373515,1.1541547186916015
0.3607814184517973,-74.27264648913975,1.2576297776266352
0.662247816359857,8.32293906521944,nan
0.678715671051596,149.466175815878,nan
0.20802977821375812,49.05017341664035,1.7421877183876153
0.3905243580644955,158.00916250976763,nan
0.18571840074249518,-48.585129586797215,0.8781165962010681
0.36571924678945195,148.44639183087483,nan
0.5546104532890377,52.06127993407269,0.8399033330570146
0.3726435137885358,-20.112464370108228,1.4913161208240104
0.5619627033005996,23.27892687105694,1.2949375867402886
0.5500154490083631,51.9859596571101,1.3433466697973842
0.24778592264565685,174.44925992644096,0.9130147064183155
0.5265949418295363,201.17547795445589,1.3068894845772925
0.08219568215154381,15.579072808421984,nan
0.6823501265477702,193.35515311861232,1.1450996322815004
0.1053508777354481,-27.25798194820939,0.888915634731014
0.05814340559681133,237.18659753257788,1.1852521104917364
0.2272765515207091,198.66592642982914,1.5084172823788047
0.10927931048658325,237.51848706712036,nan
0.8219773833880436,218.91538345070734,nan
0.28885478997527025,26.958358489768727,nan
0.389289032336595,253.42137721324508,1.0043785167648318
0.3737129823715893,-12.439815256890014,nan
0.622220932677094,136.16983196261882,nan
0.412930896089055,121.66008865594776,1.398660824711662
0.8488671894425819,-63.50086557487941,1.0006689472818397
0.18359372618078254,231.90920966004734,0.8318124807936413
0.23061446379538414,198.82698955026885,1.6268023866573833
0.20443541139157273,-78.45867159757177,0.9576356636716897
0.16566318843183148,34.50119613467157,nan
0.225359261917807,135.40262265943508,1.0740156522252506
0.22064299950683797,-16.15817069078608,1.1699536650156126
0.41582388260647796,5.897524462227228,1.4312756647786862
0.38159447949101377,184.20303513823097,0.8227358629593676
0.5402536213577576,166.93788121758288,1.0296429348180063
0.00776962984392103,-16.0533985953752,nan
0.046808448756327864,-66.89079479029635,1.1007187146040784
0.025060477683813476,-32.81862144069435,1.5145290005201801
0.30321093655252485,125.35377513584318,nan
0.1259482162469968,256.2667400729267,nan
0.4761825991510528,160.12082678177785,1.372140864214045
0.8675856471876487,-70.89056300873324,1.2399436035085492
0.9290887328362759,-33.03974983952793,1.0067527065663358
0.41055184395842537,242.4268060825543,nan
0.6654816754174526,268.7422172936581,nan
0.28272344718467024,31.897349307382683,1.224107547357867
0.5851661085547908,166.00534312626053,nan
0.5717375956744526,132.44824045532596,nan
0.17544290467639356,240.0197453943494,1.5842546712080356
0.06991705695917227,231.4988164896829,1.2983653910220256
0.3997303949766059,121.91231029322523,nan
0.8371904726242271,252.11051668263747,nan
0.5117674267227442,-15.42754560791181,1.1248407231188653
0.2908569076092108,246.71415421915668,1.075033355996385
0.01889070927872588,-34.84529874813815,nan
0.897962810728627,209.57353219121026,0.8390183255028607
0.10669542195519396,-15.574526549407075,1.252419882006433
0.8413509250867963,1.0661180852885934,1.7695903553612278
0.7200030930410454,239.14523382322227,1.1894698470265093
0.34397458465155717,210.03102482456055,1.1137293745595467
0.48788863566959656,-44.875284746342736,nan
0.17721891755858843,-1.0960896769560797,nan
0.16384273646273284,226.67637890126719,1.145215763185689
0.726140239363372,-17.76090462061164,0.9934842724965913
0.6995709623746563,199.74520616102419,1.3977841792934262
0.7583505553083546,228.8827419129057,nan
0.5958575377972529,161.1997603941311,nan
0.13447973893356618,-77.30830157475035,2.1088241597244735
0.38988206909977297,-72.73140454238188,nan
0.3007746992807987,74.23779102738699,0.8128772478746781
0.8906693857421829,-87.20869817398687,nan
0.4940143546917917,240.30842163159488,0.8693493433256438
0.699377177764965,182.55551647697763,1.1989875974066857
0.7449992953938883,-89.75334081616577,1.3483354906431761
0.4441961543209322,157.9682275404527,1.4554079915005034
0.4874235446006288,251.6301713316301,0.9927107508527774
0.5002159374187216,153.4749761319652,1.396597540891888
0.6393939128047514,-75.61458576012546,nan
0.6659069654694625,10.849108309142352,1.1798878351088449
0.17297225376288794,-69.15141692604107,0.8941129195676727
0.5326610420868346,213.35000297227137,1.1424166094384698
0.01539131830354279,123.24821027014049,1.5652686867244339
0.4273984844445849,147.655112219452,nan
0.9619068668524867,213.12597255083062,nan
0.01912985397199618,75.81263355091707,nan
0.4638360764127797,-39.897361975916056,1.0606438297454814
0.15835408929696193,-88.27245847461555,nan
0.8343390117363289,214.5884686374159,nan
0.1967046453814151,74.32799065641915,1.4788256748234148
0.02684296873728398,213.19533275049997,0.9193421142723843
0.04908905160395083,210.9304984120487,0.7730529515430048
0.6034775587699681,-37.66841925002707,1.479133830971645
0.2662623310442712,61.35344309781043,0.9648063248663895
0.010246343400397762,-75.04660476304322,nan
0.7922752933243464,249.80077205538947,1.0457287177464816
0.6150987597389982,-53.325218480708685,1.2627590430650195
0.44881413986640273,22.60366621998071,1.438795855020538
0.5543202429683405,94.85087606458936,0.92053795094701
0.7898454896680689,268.34012525620244,1.112115112318444
0.14925846033347379,-70.99904132608873,nan
0.44323427469234417,-82.95295344126667,1.1984004610596002
0.6429646804867777,173.94191531004503,1.46296801390137
0.6426436504775335,1.144616884479504,nan
0.862233601253375,222.91765725538986,nan
0.15888326838550842,-31.044673909433143,1.431256635502752
0.8250948156391344,-62.583264413607495,1.091308827308332
0.1275710602696405,227.31341790464273,0.9511656594967561
0.57904293549634,202.30033438679447,nan
0.556330903371053,232.30589157359432,nan
0.9119945385901324,-41.78433279584688,1.3835522728737377
0.9175764593494976,-47.95560807556941,nan
0.1727215689774268,-55.40524265541288,nan
0.8076114439719138,242.6596285601556,1.6079396738661205
0.23586425499356067,47.818032684934934,1.2385430211253081
0.17097417466389975,259.19559333131997,nan
0.9413052774475223,200.6314063484616,nan
0.05712986586446488,160.65077118101345,1.114068209109136
0.3208034040875006,62.654791006618325,1.0580009870737848
0.09914247844517599,-76.78832259866931,nan
0.8736672383397529,257.2926130747709,0.859396818360449
0.05373330597441128,-44.12853196051293,1.256009471074187
0.10657075174794309,186.506569194847,1.7395061742856428
0.22752224358349238,-73.2017590007325,1.309191772004254
0.7741670993107392,207.0929539245101,1.1248537479672067
0.4258571460600392,-7.426772796841476,nan
0.31700587703141064,84.63522011584504,nan
0.7654122682309374,229.74849613535957,1.2443763121108309
0.8255365281963388,230.98724242489035,1.0690057427639243
0.261531694933303,116.74638577458313,1.387825705394694
0.10238325639776173,77.46792288225018,nan
0.9180205889265602,204.82671350683907,nan
0.2929356729064283,7.769717314652894,2.014089946148564
0.7141865338364637,-48.651797419325675,nan
0.7219960429503129,219.6506304011452,0.7679534983725691
0.4015673762379671,251.0730392910957,nan
0.9084692927812907,210.14499161055392,0.893295534190932
0.5118900839800268,7.480217168235612,1.4052196334769775
0.7570290715634461,33.32118379506434,1.522674461565442
0.2833962469923554,260.0451486072951,1.824772868920089
0.14481712217680454,158.21392694256187,0.9012001815214173
0.7971503808503555,204.16021029367965,1.3146670804396863
0.9453970351948697,-57.421179467041085,nan
0.5663254099853314,15.312218315968892,1.1095656281581059
0.1429026079182543,-79.92337191478077,0.864037251534933
0.7448023010000011,247.07880448284635,1.1757125714411505
0.6441596540718659,124.02048711843005,1.3249157031578025
0.19422708316904247,179.95235410049213,nan
0.695568896233028,250.97892910636267,nan
0.4162263841117264,208.00663665819155,nan
0.45650295145526854,-69.15709524081348,1.0455973297969643
0.2927539820067451,74.03303747338974,nan
0.5646684301641574,201.29800436710332,nan
0.440791016944621,144.09943817691914,1.2773051842369831
0.29299592878063074,204.00128181959224,1.1182981434720327
0.025672857426386864,-18.247692408797022,0.8488028449429399
0.7593428865635863,180.61425961974285,1.6156152596345417
0.40493125949452535,-45.31877484817812,1.0273115428848008
0.2554096703866733,194.55720023609138,nan
0.6981994744081911,212.8628362123991,0.986646343632488
0.5628191502997703,165.25417846899438,1.2867796936241005
0.23803903046547645,136.9731078748918,1.4036117811351623
0.024179515353863423,83.56123241717643,0.8498354479822512
0.5146812716456336,-33.380897350905386,1.0095943208507
0.385164177493334,-34.233528403593084,nan
0.5379063393118059,-62.50363367297669,1.063944629208467
0.7642737386239928,103.98848312579663,1.4547712916059914
0.0312715299295655,163.73780866764503,nan
0.2709879355556353,214.33599012131634,nan
0.5854792006601952,-58.816940422567185,1.4030522554393896
0.41099918399926494,42.63861798919753,1.2292061502677505
0.06704266752634574,242.693173530443,0.957851856729115
0.6033208242857043,179.7681316907179,nan
0.7828923860391784,215.5120246709189,nan
0.5362710870813595,-51.9596752914048,1.1660839760844062
0.3233035453850484,69.95599005324156,nan
0.3222897727298215,11.701641497524378,nan
0.6964680906147036,216.67730429057457,1.5054213497843794
0.35832837159158537,111.81845931043792,1.3641907426228947
0.18745035848932162,0.7776426549985018,nan
0.5296494650038218,233.5103854949815,nan
0.023480976141783072,211.16786036150768,1.196228863963028
0.44379567369170453,-54.68518587919854,1.068467433748769
0.47408396746220394,156.2261277882495,nan
0.6965698955388998,103.05979036834489,0.7040410481372529
0.7104270069367469,-20.690848259798983,1.2416197832616764
0.3163750013042013,167.58589077772655,1.6955062189717751
0.9207080410040651,-59.80168272518124,1.1743034948653008
0.2955174520759925,250.47222673349177,1.2031062476645058
0.14444882319994154,-42.7224879923105,nan
0.39199436778488567,159.97633485560692,nan
0.9267500882526701,236.40537768695134,1.2811909151167322
0.6974335580659172,200.85942592058007,0.9526700234767955
0.3753189690007086,243.1324447150455,1.2265707562367139
0.1656988931338782,118.43186344550244,nan
0.9347926005016871,-35.76692463021209,nan
0.4248595184891886,75.48329994369449,1.8133500699897367
0.5681991429920245,-31.642419834034285,nan
0.9155187274576952,-62.564383114125604,0.7261975572929165
0.2728358557563423,116.86677630166288,nan
0.5062553119470506,207.61616852924084,0.89029756941188
0.37681227112554116,-16.04240889995047,1.362842538600962
0.03928628696608538,72.85720130127335,1.3429441114574285
0.33373656945642455,211.7481775961426,1.6628038418610769
0.3243259433236352,142.07010974992386,0.9684801578299141
0.5767259472885626,161.89805445387225,1.2628944117852678
0.35001510480864706,-51.20616064315263,nan
0.7035702302133664,212.73893608244586,1.107152348086831
0.08936559848791387,56.31163223044314,0.9108679872518447
0.8516466203226072,212.20290766448107,1.1900659878454298
0.11365089180262714,136.6324448230693,1.3953813086954956
0.5578625804644055,32.47950102269783,nan
0.444047876314644,240.91807555172585,nan
0.6398636621192884,226.29705332553786,nan
0.16483247896554398,-82.7389453933487,0.9611453329197607
0.6822364093582408,-67.78748886186179,nan
0.41692101525950076,177.44074291794075,nan
0.405180605950499,124.88480250775109,1.401263817987795
0.21540650191772237,226.17769627925472,1.1063496632596208
0.9272449322167513,-71.73865795078325,0.8388759347064644
0.21026981529471517,261.08238729456156,1.5874799380221252
0.09611320383169764,-32.06125082527347,0.9647022287953737
0.6437635304885305,250.3149832130906,nan
0.8294266534157955,211.21445875448563,1.1153957747006238
0.37064563973554154,190.18258675475883,1.140268386732848
0.43768115559360693,202.17322966349474,1.3423141573020014
0.007235153379843207,208.12684040274345,0.8285379671548824
0.8856340048247999,-46.59065212218454,1.1024120644227604
0.6279967189869031,58.28165287586677,nan
0.14336896482541084,-42.690475370931374,1.0493635003429618
0.9327152723427059,-56.01853570319622,1.5522544132065557
0.4214631983381041,266.10998079806984,nan
0.2511375591922123,95.71480187503589,nan
0.09731658095617435,-41.025778572686534,1.267396807233967
0.3956013272803717,156.54201409502122,1.398863246644045
0.006961898181092829,258.0205234699519,0.9973662109883127
0.0780175870483425,187.2603253285356,nan
0.9015437987432868,258.5405223274206,nan
0.2924256503661487,-42.299753436891635,1.380449377689871
0.8655417335097457,224.35962244498018,nan
0.04198906605319751,63.32409651662334,nan
0.8549720693654408,256.745831428363,1.40789883168146
0.11932119990871459,224.53709830900556,1.2817254295052545
0.3963142634684191,155.50177182911307,nan
0.15945907758592603,163.36146514758627,nan
0.6380346104384821,220.74175563285146,1.15970370838972
0.21234155819786207,-87.33115639919826,1.0000252291833487
0.44966493806686403,-22.704881276461123,nan
0.6724589607945011,207.17760771361003,0.8073764038647118
0.4505795506576406,93.18438201299367,1.1338940550539116
0.028331358330378018,186.27291617990713,1.723793839952021
0.4110720813464257,-78.0378112316638,1.0792318275877804
0.19091696475100656,249.08492555673786,1.1647953790633947
0.11691376739185548,-12.103780768426418,nan
0.7836951360411557,207.94147028934486,nan
0.8357781380953507,216.38765551028655,1.3254925102946717
0.9663309478115604,225.57959706959699,1.0321043566856432
0.27347831242535986,36.58506349955997,1.3262277765024117
0.04417198339954398,138.5480145536656,nan
0.563671340407618,0.6103304452255998,nan
0.4246063389194974,-87.74239352636394,2.173008814408007
0.4122516156225706,216.89333520613067,nan
0.7061844057638572,0.47958649731158953,0.8620345053319629
0.08257425393654524,216.72962470971072,nan
0.3098006132940756,213.81348330975868,0.9217804555850576
0.3274168942486465,-21.075001767136968,1.282651718137327
0.354588838999932,11.498175408514669,1.4082884219163618
0.15401023172044118,268.9064914323412,1.6506382660740069
0.3233988494819082,269.1259153965134,0.9228575901637527
0.8256463667261518,233.02398799945883,1.3332555539480226
0.19038934100799149,-59.28135721640041,nan
0.7148883636275621,206.40987876968433,1.2028980947194814
0.006102797223352163,124.86257398489522,0.8468683421717585
0.4639776108052459,182.51312460103247,1.351590474024145
0.4869188576935063,219.28230743894102,1.5930692100485344
0.2870216977842728,173.99546711909613,nan
0.33573273588651353,70.67733505381685,nan
0.2533714983445989,193.02631978808813,nan
0.19141473831483727,-15.721754533781208,1.0215292609749502
0.2202505910546581,-69.68457333540425,nan
0.900215149922309,204.95826052820456,nan
0.3541860777057856,215.89115748440636,1.4039691232050642
0.18621025531917945,181.77913929485078,1.0959248585534018
0.40435498822844174,-4.072463499218685,0.8256464089357285
0.556508544341779,209.98300978040828,1.608904023588361
0.07470251377520565,61.498797049193335,0.9283690015970423
0.31617888758589147,144.07078540451775,nan
0.8003648525584353,165.37320490595107,1.014168390550934
0.6933390531178539,117.36467837782723,1.0985880551315372
0.11071400021567698,64.92571509026162,1.3949473113543456
0.12895981214313704,224.20820842941913,0.7363270583698317
0.4236527874063774,-75.64813827104621,1.120250215023914
0.5415902982987681,-78.79989166340312,nan
0.7028455965647482,220.27661491367175,1.0477129037247765
0.28585229939844725,69.42999212780829,1.4790773059327822
0.03969502169373451,200.7769820799147,nan
0.15134442390401798,169.59191850614607,nan
0.20931171464511775,-42.95485213887573,1.4826122601539848
0.11781858247168253,-76.95673995072816,1.4396630306426013
0.20728859141784947,114.94343145456638,0.9177565826132825
0.4811331453956913,110.77715229745819,nan
0.753710310861293,-44.95298949470484,nan
0.2037693045380788,-83.43790078153135,1.2716716755924866
0.861661093314774,210.73703810287444,nan
0.0038183997516844093,136.3935147046077,nan
0.004730931282977802,225.65906159170686,1.6013572603923765
0.5980055446529992,-1.2247933567396245,1.0923040543670017
0.2214061077610643,61.15431218857002,nan
0.3212075166297685,185.5293284167584,nan
0.54188757337384,33.39422622456189,1.1434858420112892
0.16798367536314573,-70.24500332815373,1.0011937531687172
0.4310181259080106,-57.810547223808356,nan
0.7748426023857469,233.00937334690394,0.8304535727124079
0.195672991736909,-45.30950952656754,1.1505762921842115
0.08253963432291117,234.3306587738775,1.751548867902402
0.42815124146799477,-44.65739076070341,1.192363354617982
0.5262142658325656,87.28036011767321,1.163360687775845
0.3898929471487268,-49.23180836963391,nan
0.6131482995432065,210.23319819565174,nan
0.5288777402144386,196.51959972525947,1.3837980978383544
0.05564065638994764,65.10800831091905,1.1509184314584118
0.10810782087380227,-65.34338939744114,1.2524886027163318
0.21278930693547699,177.58637286371834,nan
0.5889672678340157,-78.15747551520755,nan
0.7531623577918201,-66.20904218034696,1.9665339895129006
0.5448777212551393,205.41790079815866,nan
0.17873600682825372,28.39591723130934,0.7819973587487804
0.3172487469306178,222.42830547370414,nan
0.6234727158230109,235.17339111644105,0.9924363217278522
0.6238359934926463,-25.18896362353986,1.3176456058674817
0.2190259921990499,64.73358072241385,1.2462845187557685
0.02582237338059873,-11.5030637162767,1.7366902309669723
0.7303931211740553,207.62972699808074,0.926965039202335
0.6066818630876651,2.3835428572652972,1.251808739963727
0.20306176459928282,-37.50532333286076,nan
0.5876485401525781,152.67703242971027,1.189652577061964
0.2945832509564006,-37.223719799325806,0.8088107628381698
0.16569682394499985,259.0187161087504,1.239362790805803
0.5200681984658797,-36.194448683374546,1.4300515336001567
0.871439685800203,212.1474011398643,nan
0.2958362263225642,104.7239788915641,nan
0.7837918676144852,-9.419600479116797,nan
0.219606451366864,-5.333108203264189,1.0467539144081293
0.2578076819339631,197.31934599947357,nan
0.8422343697531649,177.03309617079339,nan
0.7144201396264451,19.49241856126214,1.4075764617340407
0.04064655917700566,75.92059394272215,1.1969083166682304
0.3452806609526161,61.90490206582706,0.8459642716215962
0.8006414530852346,262.6321470322472,1.6035700146448726
0.0725463711678487,-47.32598496361328,0.8901088225652353
0.5190394088288725,189.83737475859667,nan
0.631363877435408,190.8770343498727,1.0479411046493485
0.2204008650674549,19.929611036680264,1.1181128919819503
0.2183019796089768,-1.8571259897939854,1.3322265081929237
0.6370911494839092,263.2160475758548,0.9228073915243052
0.7010541244879853,-32.68316078433823,1.1302435559565684
0.5998309939736257,-38.85741372162536,nan
0.0853399679317175,237.65266132761812,1.0687545758037176
0.2487982859502633,-2.2319118505530895,1.5012314921676289
0.5334144215435226,165.6524287478693,nan
0.5124494388073225,43.36888498299305,nan
0.4541896245518416,-16.46943869383015,1.3532526996167151
0.03894380917818466,-12.42506875222928,1.2633084686977434
0.37558304041394014,61.82069429970202,0.936817252041142
0.4811837922704953,163.82770106210415,nan
0.5518304562230751,-46.25870662645895,nan
0.42612443203102207,86.81867321053168,1.2797972382479816
0.7435354129637595,167.09964559708868,nan
0.26086174595847994,139.1121402280914,nan
0.50629341208047,222.0803353880508,1.6843329858869271
0.37680155129477944,139.59964029897168,1.3019435249577405
0.6686135380884022,183.81208467304293,nan
0.42180738507702714,269.1798205710137,nan
0.4075990972961975,-65.64935237570376,1.1616126088242922
0.1340667766039699,-13.919138056953393,1.1591875690545375
0.36049995125494644,86.70897342563049,nan
0.7254424816611696,220.40865465570215,0.7769575526368007
0.6532705871656868,49.02834997302561,1.1770724719213286
0.518388456237697,190.1249382546232,1.6946763282232131
0.5057605873943934,200.7661785252308,1.138501638819851
0.6627638643961746,223.89030330290893,1.2620372873698178
0.30496345335378827,-89.72639654842027,nan
0.21121744049188035,-56.12423206859968,nan
0.5074361562792303,161.64649197675737,1.3742849892729603
0.11050470932883,-79.08349489474526,1.105182662646042
0.0893247656079999,26.7798349686298,1.3428628671836087
0.6461384964486881,261.06813864300227,nan
0.5443956393595043,-8.191006022650441,nan
0.9660218205754868,-67.22148734588447,2.0118552305192026
0.013757445489515574,22.96023351784507,nan
0.08610252520426961,243.1747912857538,0.8320181359127163
0.16569975515516622,61.195002733494384,0.8353677338101589
0.7182709595542395,230.31347295044264,0.8386428120416918
0.05986718281902986,113.50572692497094,1.4878333234958607
0.2923371941355973,178.58186317567836,1.2324448437900244
0.6915946317801661,-13.870971010910168,1.7260483937364342
0.590563819007513,196.13904460674985,0.8334288940687251
0.8478303332156161,-84.08133729019778,1.134597765180027
0.5307589476699137,36.076849000163676,nan
0.4872661467154317,246.09059380570037,1.1981750031501006
0.11972931713362012,65.67194145820014,0.9397343417257482
0.5245069611852935,211.06954535712254,1.1830187864291724
0.3629681804789054,8.59991994040962,1.6199149259232044
0.4619432253581808,160.43092764177447,nan
0.41147675253281507,210.3682445814011,nan
0.5289177848867943,-19.328591184771284,nan
0.19749190128365024,15.89913828332891,1.0288689248980138
0.6309178827837131,50.0388827680881,nan
0.7890768204035834,174.69713753802108,nan
0.5155878199405215,156.1000103507291,1.420068158679283
0.562288171572032,-15.701952904063859,1.027860257880265
0.032279020675357095,247.2903381335613,0.7837734695186407
0.6132178120604697,-88.91288153113578,1.5736385686721044
0.08364448508945427,56.280749610555745,0.886319656071927
0.2487531454462421,-61.61987402252791,nan
0.4428527587964397,105.85927678891589,1.03271228096279
0.36145632253895654,216.13228190749547,1.0990315029978006
0.6113356546312757,7.589341405925147,1.3094936870475988
0.3341962572583969,160.37911294435835,0.8978245788319926
0.963856128083926,-59.464389789293534,1.0482048363898184
0.1560459620394195,240.03999834389475,nan
0.37920561606454817,90.47508206333214,1.0937254045212068
0.47293868319114185,132.23565049968926,1.4707180827466824
0.09966294365392261,189.79515398416453,nan
0.3475627350297352,125.91339506180817,nan
0.20340889321677594,-23.230223575287653,1.3229377411987908
0.2945327303654509,152.42229748744373,1.2625443458850816
0.628898738037525,-3.3656594260984605,0.9445653843952158
0.555135412985065,215.79366928779754,nan
0.5364824984507035,8.923430810132999,nan
0.41449473314225327,151.50089370079553,1.3875605041185655
0.3889727052303336,121.57382582875613,nan
0.6720570744709438,-76.63746928294779,nan
0.5111852041080233,172.10048045190365,1.6705515968625686
0.637695836208519,-34.74281579490487,1.2247513215421095
0.3711597190686133,205.7971490225967,nan
0.3130876428776276,237.42113641803263,nan
0.2913462604540883,155.71641391756845,1.0822611567065816
0.12380553125711125,-36.51485312376387,1.0575514636350156
0.8084050357521009,-25.047874742128528,nan
0.973976867790856,238.1612306042427,0.8653057024467034
0.7984053929042259,175.9553613158924,1.20090945850194
0.36285750748706036,-64.45249534358747,1.6343747998329607
0.19952305555958758,-71.63700478954489,1.1781907984286868
0.5137848089143535,-3.2379080908302686,1.2181302105417038
0.19147299061859024,16.477596119920292,nan
0.3429544161301641,-37.598949127105556,nan
0.31680500370448605,79.26383458212023,1.3470444014462941
0.16247710912686503,171.45421682162788,1.1854292508920556
0.6014233396806706,-29.50148271864947,1.633878096856516
0.17175948548330533,232.67995347765716,nan
0.6512912917952285,97.45075257175509,nan
0.33567719843146576,245.39426132259032,1.9386177736458177
0.8075767361368364,183.09506598968488,nan
0.02688617296192472,232.7642051762994,0.8309974357232179
0.4211692332033154,262.78861937295557,0.8630661904498808
0.2594413618673572,96.00895986650062,1.0680822003417132
0.5171435021975855,174.37317728624245,1.4257537309336192
0.2658835762534437,70.96916417487957,1.4365082911260716
0.8314087383733714,-28.860685766497284,1.6894790083585007
0.8811175926361385,220.08908055519117,0.9430768164929371
0.5369031146748928,-14.147613404072068,1.292956204886317
0.7040919063368635,229.58898883178307,nan
0.0002468423280215237,-6.198390305643031,1.1509128219349694
0.46114925085942904,26.723393576489634,0.7914594450884374
0.9181493037188022,248.86978536140566,1.1564853974516636
0.8728551520365383,-40.31752600973081,1.4646328080611206
0.19125487176710534,141.37855934762499,nan
0.5513857462322398,267.9758032945274,nan
0.3887484274289594,-16.887322979553453,nan
0.052238057284538786,52.56694551900569,1.014541288393121
0.6196022009627893,-83.8795905018939,nan
0.1807317770988387,222.7923965881041,nan
0.6022541313263589,232.71311400239205,1.5558814949997883
0.26121692028490684,24.289125919901082,0.8782398653023238
0.11515013455364975,3.075443775040611,0.857217891750525
0.731173800559254,-55.60769651945864,1.6864622874550619
0.28090253512434377,-2.2322565789284425,1.0299356974223288
0.43413365452258523,-38.88852969332653,nan
0.1358855834864985,170.95976466238426,0.9678129486379883
0.19169627539890874,267.2194114246297,1.0843853753707382
0.14900244109215444,210.0651529157654,1.3689788203375965
0.4362784723356517,199.3745353338852,0.9189299277534198
0.5111999070931619,43.952557038629465,1.029294893611632
0.029867834677691607,185.47297227496347,nan
0.5917082400002216,157.79862594646548,1.0665099843177361
0.3135988563998512,136.30856383088314,1.666344582746585
0.4624013677926259,227.39560357835046,nan
0.08444497707848297,268.43539975886574,nan
0.6559547482424987,265.6753199197942,1.3114699800403615
0.2594656053407999,117.50832808543478,1.2964947088015186
0.7164121578541419,8.147847775805175,0.9499733546923885
0.5965700787063862,145.2177386633199,nan
0.009943152045860382,69.80975643231055,nan
0.5374879115358535,217.89632119725297,1.3127919283594094
0.20368564271168915,28.846621253832936,nan
0.373403473637299,70.73105095226961,nan
0.25201953722396886,35.04374989979249,1.4715910626990876
0.6654603219444473,25.332030835230483,1.1370424694306225
0.07563689868756074,138.0426638354162,nan
0.4774726356652553,217.70484527105026,nan
0.6306151371770082,218.2558317675098,1.1833587411653923
0.18518261695574806,-32.69369395146293,1.0438691799021618
0.06967119804713395,244.98626998189505,nan
0.030522514701662784,-19.051578339288675,0.8160001284207463
0.7933327326664934,194.25169061093266,1.1676979403594931
0.3481977056442892,89.05005549633898,1.6634178349948532
0.5397820814597899,33.01916225389712,1.201207934101358
0.18633919718291997,-87.74300552145104,1.1521744177382012
0.2234215441067268,-45.69157510974301,nan
0.31701405168043195,116.12745607723917,nan
0.3655142144247073,261.5629622979135,1.32490082763621
0.11638527605394597,219.1739390549263,1.2127534216074405
0.26899247615531424,267.45043183713733,1.4055353808929392
0.4222517174339833,101.49829766132385,nan
0.22105055051113953,40.604600162838125,nan
0.2353161572670191,182.0314491280832,2.151203322914724
0.4105857008422007,125.85569659677479,nan
0.6469405192406823,16.083542413297508,0.8555048572750572
0.29204377158814476,188.67656757130544,0.7533759931224724
0.07733279015346103,130.43373224823517,0.870405221077833
0.3468578695525092,58.377194781705256,1.4523996952274876
0.40595867896869636,174.48134944617635,1.4146373232134666
0.7372986942687191,-49.4386172352647,1.6460727704430431
0.5827382119678274,178.90861550739154,1.0701900224653125
0.2470458480320842,231.42999905844832,1.3015394121371409
0.2581638664111329,254.6705199551546,nan
0.3406579442448284,126.64232534296497,1.15143574227779
0.08988214113301349,-43.261505859100936,0.8471713406102656
0.15450744010451373,151.1179227254352,1.2153010588496358
0.699471738704486,31.50648189526143,1.5706001771657416
0.24375817157608431,133.02492218252735,nan
0.41523950183356373,-75.63515463440564,nan
0.6069408836679566,262.42117073154975,nan
0.25427448562294563,3.8108691071455496,0.999853336190814
0.30095540854864344,166.51028037775333,nan
0.09821668170973485,84.87705457824339,nan
0.6880912179837959,244.4622561385318,1.4429663602164389
0.5032488391594611,-8.325896930349643,1.0616097263884188
0.2172579574993338,7.77836817893823,0.7567263277029503
0.5413843946318645,37.47957116680283,1.7028486601508586
0.3168596719480492,110.70814463107584,0.9531095243931323
0.7258189104864046,-66.07399590974154,nan
0.5206376001492815,199.77938037347133,1.0159789516400548
0.3229203955340483,211.51695215370444,1.1769788216335808
0.21921958635171576,163.97590249222495,1.3007372158506272
0.4373803035203781,83.46115718401433,0.9560380783355429
0.22964671537072817,150.6763428499687,1.054620291701943
0.14395867966774994,195.10477155569916,nan
0.42715177365320944,145.0831401155546,1.1087760372786188
0.35229387027892106,-34.481625664338395,1.785176143206394
0.8064815683172628,191.12471528398467,nan
0.025789127221013675,252.57007855731052,nan
0.35762133509597643,-16.009012585641017,1.3551829777969844
0.24103982134022978,265.204979037205,1.360101644030933
0.42867494348595503,4.385125237301864,1.0218275520631348
0.7672013463291885,223.19026775109606,nan
0.13684620680318632,111.64638342565135,nan
0.3531037243806453,56.036578692761736,1.3496049709723996
0.41102142043603174,249.0704240569856,nan
0.48071923609957534,12.383760744338275,nan
0.04734194114236595,59.55536311485636,1.501789625356547
0.8210314474368761,-44.946434682929834,1.2892245707634906
0.816477990378615,-37.69083371737106,nan
0.31099540110520985,43.05479236428531,nan
0.5761173318550544,260.0738023570942,1.107566946296583
0.02440435086298065,150.68777581109435,0.9498153354010309
0.4172335407271731,184.9479330870485,nan
0.20701897900300337,-70.71203924252785,nan
0.6980817222859198,226.2148127436629,1.1858364158390218
0.4877791515744117,176.36641107455486,1.6581394619259948
0.32774905897596573,-48.43478343526019,1.2577023542444579
0.42764036372869224,-30.970073964470245,1.2018632900104849
0.013366595253421099,-9.94929083040708,nan
0.4204005128189948,-73.33322712989352,nan
0.5122647059169312,15.694342928953773,1.4363713370147775
0.09662543573689668,31.953535779058626,1.1568689133167929
0.15734351236010113,157.8207869837169,1.302291159511813
0.5602181816212919,208.40188048159231,nan
0.5230377821230825,56.896151660760225,nan
0.11070327485644846,203.77303175077603,1.7493294827498085
0.35365193395873146,214.6719217024421,nan
0.11027013903313565,-57.34126269985482,0.8619849715840453
0.5663444259763228,184.59805504411167,0.795130860570016
0.2267470532543961,240.4764907507254,0.999598309596555
0.5879000574451828,-41.43559486500614,1.3463223717596897
0.15231975593556818,269.1393546364871,1.2776145278784754
0.16101774336332345,-72.3372990337536,1.633475252477394
0.533560687050326,240.79785975246625,0.8854823950244067
0.08008190312066799,10.123202308907594,1.2413570553219118
0.15710752533761638,22.87457071465804,nan
0.6463697441832398,135.14267476985913,1.1643527053668805
0.6721955529252155,-87.59686689553348,0.855351803223072
0.14601371605524255,-52.08414124789173,1.247681441056899
0.5786867944394647,-25.128599119819114,1.5427217040844137
0.15260139445468213,54.71530135373209,nan
0.16051338089160344,257.37556475160045,nan
0.5230646622751899,222.5399965414832,nan
0.04376439879659179,195.24783763286968,1.0334287180919002
0.5834594113670308,205.3556017475096,nan
0.08982851002473072,23.373953725427754,nan
0.43394419999390954,92.73863012356091,1.4242491062587557
0.6519494686181361,181.56074370138742,1.0465560171999777
0.274049692741347,47.60169266335426,0.8709176247767119
0.032229820614731675,-44.47097373695936,1.673233514121436
0.19434587844391274,29.866730907713432,0.9700073042850966
0.47341998886852826,168.7498860591512,nan
0.4447623782512795,-1.1722257295595675,1.072215785746124
0.18781084390912123,-69.6402035764123,1.146732402852419
0.1581695126673114,145.35158064792284,1.3291906475808002
0.5175639506865993,170.6342468697848,0.8238115087176563
0.04426917603309599,255.88094482046617,1.0402985559114981
0.31366391158999146,29.255860106519222,nan
0.6117453159385589,269.08378946910443,1.0588027165599472
0.051212679038548994,-31.779990371160153,1.6562720599643883
0.3272233521282301,54.494613728010194,nan
0.32903684086526214,263.4422588559061,nan
0.638181761323044,-77.17690107289647,1.1941554463445425
0.1617882766568436,237.13461486917404,1.2994748095579784
0.024153199656844593,13.87566119872471,0.9537680029026823
0.3200911582807183,-21.22540681291173,nan
0.014986907289215678,-45.14183740927717,nan
0.3948316007875273,1.9593114454619922,1.4914074077198907
0.04044398750980238,17.68094705342847,nan
0.5263079409165126,53.6304012763631,nan
0.10737786234564457,71.95380207237159,1.4761054390535882
0.5654080685961786,76.85919893945271,1.2971198303376053
0.02971813880447899,-83.42266344453574,nan
0.23217075174591,89.2343412676571,nan
0.7281088716078491,160.54510036134343,1.1316273556398102
0.06584214222817555,227.09400556600318,1.101631010632343
0.6785769022490747,169.6518898981175,nan
0.03536496786094484,-63.415945317688625,nan
0.3701933192916037,87.5157929461692,1.2263425876423097
0.5406353573834296,162.69603896191958,1.5867983946624868
0.013288050208457136,48.766661628475845,1.1339645010231663
0.3914037566801434,12.355532003854805,1.0594996923887612
0.12244702348662811,139.19323715716854,nan
0.6005606300679024,183.24468585660924,nan
0.4601047425660706,-16.00315277058377,1.5053405091436156
0.479901553374134,-22.326294732562417,1.1149979724154653
0.39618253090203676,185.5720483472332,1.4843573612591263
0.7521447933738944,197.6441454213236,nan
0.04212936959402641,132.75769002864797,nan
0.4936228266539422,28.00827662998881,1.837884496483996
0.8322212443702207,220.1750350573476,nan
0.08750876842805398,128.728733690119,0.8955996774288963
0.7076087903515136,165.71512353996889,0.7442776490766317
0.32038682139352737,145.7006041504581,0.9868850973523616
0.5680727669991232,0.407304715788257,1.5472021202022206
0.09915494026335743,164.50531714988188,1.418365535758204
0.04511982470437691,73.50591461312797,1.7846344815178745
0.15656451075041206,137.91347699108974,0.906992137183688
0.31252862410231497,60.00454369037317,1.3377941426363926
0.325836200296006,95.095639544417,nan
0.08795442694280586,-45.781361529731385,1.1698654353296023
0.6788969900883293,22.605375868136377,0.899953220539617
0.17184981304776403,127.97192843239526,1.2322147196040125
0.40197311328101626,221.5072941094715,1.4316757851780855
0.07509055757031491,-68.14616741144619,nan
0.4675423713405546,-40.553429766185,nan
0.4339265966064693,181.61881855512377,nan
0.7703386800450222,140.25501291211225,1.0879635773633214
0.09224749416247399,95.18525838859044,nan
0.5146668423424293,152.29489053499603,nan
0.04127565495694302,9.300157229532772,1.6486081774221373
0.17399690557595332,68.76501668083276,1.1026003063460372
0.2415782414929355,262.7912855188257,0.7925928834452507
0.7157167276201624,200.61769330114248,1.6981487106652264
0.155742579806544,163.90350194104673,0.9420649874124444
0.4549213756031012,140.86725645889229,nan
0.45345718377613436,168.28815742814245,0.9728876397546544
0.14309065246340327,32.31987711893085,1.1168834644138512
0.4700586723591402,178.31641787803895,1.2427550963072167
0.8206082267522502,202.18628393090566,0.9515582447622369
0.18465336699391616,64.03428798062525,0.9954646839845763
0.6738144786420724,-4.192558513386558,nan
0.6920242076724266,242.97284321272514,1.0191007382331232
0.016811727339727744,239.55065628300736,1.58837356654086
0.4775532119440244,161.014431906273,nan
0.19660166187294942,121.47492110296167,nan
0.7026288654139186,-58.89226996830081,1.4100599721829392
0.25077535343054047,190.58596194716375,1.4413765604977147
0.08168352352126584,-79.06126985874081,1.0289050683861367
0.6973354990784579,215.22591561664652,nan
0.22488139252194778,49.33406641406438,nan
0.3186777412600921,143.72298335062914,1.6571072311078798
0.02893064657021316,152.04578626446107,nan
0.3660230314063375,-52.56906867634993,nan
0.26107801914154904,115.41334934888431,1.5116341743990702
0.4754017455129102,199.56453320141642,1.2856999430322287
0.21439244854339684,35.70218310855246,nan
0.4155319012331191,-6.6118226885327545,nan
0.7422652618307469,237.23612641030653,1.0864807340576748
0.42836409022800337,55.020114909240164,0.9543620882748611
0.08107151136028785,51.61305167371718,nan
0.6274285531743866,188.48552716802618,nan
0.015795904293535605,-3.882157427113789,1.1546751262803556
0.22381319091971963,100.43338334674498,1.5462239700134277
0.15325584895219063,259.9523167873719,1.1516056554182075
0.8980639929232425,248.65980548703942,1.2505789945555728
0.1720689593157098,237.42187397839712,nan
0.43251830049380036,260.4603609892937,nan
0.4837771309439379,212.78794486238294,1.451894670208812
0.19428133055654986,160.71867366245198,1.080484005382784
0.1249153840311176,-25.68880790647904,1.4461325223743484
0.9105826849034425,205.8601385765321,nan
0.0024739203205939586,-48.769724469082576,nan
0.5067098273098614,19.129972274975593,1.7892797642901652
0.12339256544714383,224.71680943298117,nan
0.21979401230167675,158.20789121249953,0.862150860132527
0.4100909265417275,170.37987766701468,0.8184399800903538
0.4450416093029469,218.49260804267453,0.9419691006415573
0.5580231482075825,7.246718539616239,1.612944914330845
0.16689440773104625,187.13993350020974,1.4742952326065881
0.38447017294391544,155.9220124588954,1.763218696974489
0.44983602655907323,72.03499844554585,0.8638071805237825
0.23704598744137803,18.92639739683841,1.2548921242996425
0.07380279133113468,121.2092298192807,nan
0.2849882440559739,170.92267685264196,1.0818677481353922
0.42412643188576066,1.3902175928395053,0.8610324453643153
0.09741652434687692,199.61721509701297,1.2141636373686515
0.5432008260078116,260.69309469499996,1.5304461357848254
0.2020291091528138,127.83944861673773,nan
0.7995544633146596,-30.063736509136902,nan
0.7049018433153635,168.86228261514438,nan
0.1221061235204742,-67.56055917664291,1.010199068551086
0.371847241693336,-78.8916731549051,nan
0.17775218556730937,111.28378489739112,nan
0.030599931047225866,-43.07200434170474,1.4553545021620982
0.0719143478235642,47.10395587161463,0.9325730191017916
0.1762806516294462,19.397379247432497,0.7770978266032548
0.8207263041518037,207.29500085514877,1.7292922810505422
0.2855334101799667,227.40779711983004,0.9669612910186439
0.4571964697619616,228.46947487140153,nan
0.47714963876491356,265.54093118565027,0.9060275208848603
0.023996884865378723,125.32014270137799,1.1540136155869039
0.2149654769510445,-18.154042389404935,1.2676369715913525
0.7025144486385829,174.72827949548042,0.8254392851742416
0.17718276900338387,162.93813658848293,1.074514617146348
0.5065597955111056,153.37146122114214,nan
0.30473275681964695,245.76905048534223,1.0583161147697215
0.08564283933373412,138.9065003099498,1.7735002874269759
0.12968604876777745,108.63460022137438,nan
0.16214446566371432,206.89531058554604,nan
0.5039181515637965,125.92188302622088,1.2515896378922347
0.21476377234369343,158.34092034906507,1.2958768516082364
0.8200071454231967,238.07720599869936,0.8823816453873471
0.31204455062024217,40.873293805057585,nan
0.09223556487665728,-6.681346972060766,nan
0.12261698284673972,119.36828437958081,1.7040177522807762
0.4884015155796621,162.33293792227468,nan
0.2941941234151639,-25.117354006064318,nan
0.573266415678168,221.8901346509987,1.608508696071922
0.3235124618480023,98.68815871092502,1.1600725080895806
0.1869733787980632,100.13786567654063,nan
0.7600266870954392,-33.55537206708404,nan
0.9696872577883082,236.55105026194556,1.2113606066079377
0.24177399803575206,-73.81497571477632,0.964282777984112
0.25493001293156503,44.00720928280285,nan
0.438635144013809,171.4677988053132,nan
0.2842613538790212,-63.34576422719774,1.2783991692400198
0.15849135838758116,255.3901722182167,1.5319798390348165
0.04420634244775168,76.73185555797414,1.2634808425758632
0.6843372823207008,184.86271649597845,1.1968218130747104
0.4710692962603119,268.03053691059824,nan
0.3454471462489672,204.02093843487324,nan
0.2837725052066977,226.28750950466255,1.4237626815008213
0.29456655231907525,107.30568040825723,1.0771906137153429
0.4802939930874155,109.65729258449427,1.3688057286478015
0.4906868003320775,-9.067575978052986,nan
0.4345175420044364,202.32885017328223,nan
0.972938483038245,255.82366512684482,1.7943682111799746
0.45378364484915185,262.2676626193936,nan
0.1666980640512445,25.431615931709537,0.792044906113456
0.2149609413720857,74.75176206916547,0.7917376816618972
0.30777078441230293,14.228722962066712,0.9912467488033804
0.4472691083434119,149.30464542217376,1.424197324394753
0.053682694511051274,254.15672044786848,1.2576723571281576
0.4052852900153884,233.3758691575773,1.9086615438297432
0.34731924320017526,-85.55519961160567,1.0282808022775696
0.08769586020478481,-22.613466419399032,1.3067025979527234
0.18958023966771415,150.68452924793434,nan
0.6335324161520717,168.3994447645299,1.254382646142388
0.16645205329209203,97.93487387546364,0.805112258480882
0.10186299959910557,260.011791246433,1.2517807406055828
0.1418009679516271,1.6775636342716211,1.4403715725083241
0.16581568303144856,220.25190081795043,nan
0.9472147514332536,-41.313108626990555,nan
0.6701701836082651,168.84400950595517,nan
0.38264619201843747,-16.266678131528238,1.0386679369043539
0.07162366216576332,-83.5350243484402,nan
0.4348513397989259,111.3737275014491,nan
0.178977929788242,-49.72123001926428,1.492534093141648
0.03578411624658388,204.05506690894953,0.92854043984657
0.15502402710441532,51.141666200255884,0.8047467756914051
0.3360670088685091,124.53188615341361,1.7696034210912628
0.3022133876092752,124.6061126844094,0.8338456493653433
0.4713421222144877,168.13997324175304,nan
0.6255645997911385,234.55920744870483,0.9599720357630217
0.538306438075823,175.2372775919475,1.0783761717248743
0.21804445049337362,170.53033681762003,1.4313143964737978
0.7077539352705708,-20.042762552878894,0.8195145220589541
0.2288129494237554,139.80008902094514,1.031618157533489
0.760251007980534,248.36804365566994,nan
0.29999852174011554,180.91593349304816,1.115443460817878
0.34956240092697743,129.81899891518128,1.6595366682281918
0.25433514659458645,60.43956322086977,nan
0.3507562821209894,-10.162036079943789,nan
0.9360053261138418,216.66400643282242,1.2721781462972492
0.06783103306395052,153.16209790394387,1.3872570157030462
0.3640782252527288,245.71746820146998,0.9178767509974669
0.6213848810219379,182.73351783433196,nan
0.20208189713761288,-14.630945053462199,nan
0.7233443689168122,165.1970032685214,1.2001462669761642
0.7960653605391026,193.19991899316594,nan
0.19159776465229844,115.02601062188617,nan
0.22960083923368263,257.6866024986297,1.5117612548884545
0.15233388278395033,30.53478348738419,1.203659529743196
0.054300694191722204,220.76339229074955,nan
0.6758577152887872,-26.429163090230702,nan
0.3233252202547157,127.88077885058291,1.1779931479660033
0.5828076215764164,53.53245707811888,0.9316024216640488
0.2456124323576766,-17.441028973060057,nan
0.6444448486822856,2.171406362679946,nan
0.20700464720548117,-57.229681288196275,1.2392067938760256
0.1484201728653263,203.5898219415231,1.6074218068532253
0.121685013561881,198.90773497915256,1.247025080940359
0.08019708912687952,195.19184936246734,1.0633346528272145
0.508264189159652,101.80897299947836,nan
0.6699614881427546,41.52812414495841,nan
0.49574276157602415,95.55593893171812,1.2572762317999602
0.8703358916107836,242.4545426197829,1.151613913282419
0.22559346916652856,183.7314921248709,1.2376091114319618
0.6466228865229999,-8.701506929799962,nan
0.11553633084218518,-36.569184643015205,nan
0.7844117557901541,254.65679558009154,2.126411983241933
0.1147553146311652,70.31249420706969,nan
0.6593263954428272,-13.67331254656773,0.8828843121182437
0.1829900317194803,0.7008247166481709,0.8730329543088658
0.5143102401934685,166.90529217991184,0.9471006472242115
0.39857796353865904,71.52525022372151,1.5705394474040661
0.3977459835051188,264.7814525148438,1.2531956075489263
0.45575398416819873,156.64047058455975,1.8358130297226638
0.6544574783728778,216.94982188390355,0.9413631960438759
0.04182543075469819,-69.21849975515894,1.147650140959456
0.44470517468133375,243.24479413005167,nan
0.6484326522397587,-68.43263906690963,1.2402263214596805
0.3932110020685071,14.49029361520192,0.8788977774536214
0.1564241921030466,194.03049458133597,1.0557604137625594
0.11283533189915552,116.65553291506882,1.3906232890761199
0.21232808910605905,101.77163377561999,nan
0.5985817687119124,-21.60208583808859,nan
0.3197489966530661,232.92376731437827,nan
0.9134042229581982,-12.97680244483486,1.0784339675025392
0.1384496098985895,36.46195306516099,nan
0.6278954283492837,25.535146474383524,nan
0.2770149603773536,131.81402851078013,1.5081912427690465
0.4405347263056829,209.5470025474407,1.064735501347318
0.21245133131276578,44.3313907021969,0.7741501311284438
0.3799696881146001,162.9316120436666,1.8212304485329027
0.3528125978448436,33.210321185763064,0.9189780383062498
0.5141211236834058,52.669740250995716,nan
0.6139300451125613,253.26152252932502,1.017919110459037
0.40688895599388414,218.19444937191557,1.0176869880255888
0.1319440484300448,266.4459656036808,1.4161574725341912
0.4718734882703709,23.82919557652403,0.9100632428500595
0.27014697230036466,62.00969051298003,0.9787290774616296
0.811495122716933,255.54194906294472,nan
0.09180017562551648,-65.51724489757396,0.9955051060517092
0.8328371287170604,-25.011546121059915,1.6573332160036118
0.38242452546837014,-39.108791481225595,nan
0.5725929109393356,221.01901906447395,nan
0.11074642395043416,-1.664937908212238,1.2671560249289038
0.23029156635157394,113.0047429139342,1.5408265484525443
0.5744790516834477,246.41665804930108,0.9007204131972028
0.776281680385267,182.15465275334657,nan
0.11596571725091374,-28.39245233798863,nan
0.28405190583183415,199.5936317238106,1.2991558080830579
0.24420652996423478,-39.66939365081209,nan
0.2877114875945016,-60.21939980014463,nan
0.07132929619485846,255.320444919997,1.592624020930037
0.6525089565403812,166.26409952170107,1.2804230351567
0.4721976953800502,233.73379184810875,nan
0.6821604714228003,-21.18758189680058,nan
0.39403423827100587,156.73165973141516,1.020815352769657
0.3003610667515345,-82.96803476399724,0.9454526766385813
0.29932520897864856,106.07990213775689,nan
0.7600067764390934,11.484313282076272,nan
0.07335683537676951,40.577120054859364,1.2238390991175951
0.3477188701006265,33.686154798184006,1.8711969539729238
0.21002937993777357,-5.1429103193423735,1.2366784857014232
0.5902247270622102,245.82904210410004,1.2691586214736292
0.311273424777613,184.62135051677654,nan
0.7122531223195796,185.02977839662367,nan
0.8051030406633524,234.67661186124317,1.4705124753203662
0.029828857373370266,224.0865634161906,1.1894151664843429
0.03433972039383537,267.988246623566,1.3553021618189631
0.8768527394279537,-42.924556313640764,nan
0.8208442479245157,-22.26712518586093,nan
0.43197055629760556,220.8182522399103,1.9726676851582041
0.15951047408744434,14.820854874143663,nan
0.746404564656092,-37.21419885344281,0.9145308027432054
0.4367426487089021,235.1072558858293,0.8124082010393264
0.5313846064735421,-55.627236552094956,0.8711941010920945
0.5739171146844786,27.073074606861326,1.3829719632063449
0.26399568700396436,109.76069466607142,1.3636815102638447
0.6404056108601484,266.8069928905526,2.083354367698224
0.8333668218391375,214.81256301017942,0.8343115175818269
0.10510819651306924,43.854080211989384,1.1876997817717085
0.07990664930897329,247.92058041990273,nan
0.10369774904528628,-74.72036359342441,1.1325174747021374
0.2500958253498918,-77.32053286849619,0.8807435092956861
0.31449347605148514,251.1723819789126,1.1083554221584158
0.8048791129210086,219.76676632282792,1.4264569816339876
0.9154168204089639,239.90499550727213,nan
0.7503287421160987,14.399404739656973,nan
0.0407844960813869,167.72860378588706,nan
0.30111898360356726,-49.89951095620681,1.0690100513533995
0.039630606966125304,152.30889888499235,nan
0.45160826939001936,-31.851231548202378,nan
0.20417112572280838,-22.61179058476214,1.824708233088833
0.10105833855021318,93.62449605010684,1.099818466128359
0.17370529037085974,-85.16651128347087,0.8343589141518165
0.6426415390790741,211.72037962533076,1.745908888920393
0.03576310015271536,141.63720411492034,0.9713809020448121
0.2539565735731071,176.7347473056928,nan
0.5134932411973071,209.02761066671414,0.9476109823717509
0.46114964491637955,-77.20744676343277,1.2374233402010175
0.5439211883411668,234.64448307572738,1.4270437625317307
0.8918789425058598,-51.17501516938465,0.9324774245039079
0.9500252313655153,-21.74596171276951,1.1022273445729989
0.14242873985190077,214.69544128024376,nan
0.26472718838560594,-56.39693489537515,1.2566542292126976
0.19997370770664952,66.36585231556842,1.6532219348667843
0.8082839908190819,244.02669143737427,nan
0.8202788745353087,197.7876985946854,nan
0.7419989134617637,269.3562278531693,1.2770848950819793
0.12191370264464085,249.58837944762533,1.6137660476180562
0.5156239607726839,236.01104502372885,0.9625480740415289
0.40690940800397835,215.1824549281869,nan
0.2488489568050361,-26.26381168257337,nan
0.4066055468884293,182.75046235450458,1.5080842034820487
0.30111970521741027,-69.86562137707693,nan
0.35091295029693836,22.927439333391675,nan
0.932473027834326,222.92519031859365,1.5545260430383843
0.8590557049979697,194.17371259379135,1.1867469852189396
0.5988892008400512,219.4937112942669,nan
0.6370461409750539,-80.13951611222473,nan
0.4122025216051216,69.97423242461463,1.100858229300943
0.16116068693377206,12.74270723964031,1.0147784218142117
0.2097440727823412,194.43596288853007,nan
0.6023308015993085,48.57166279538899,nan
0.8455612150664937,-89.04331443498364,1.241353900522436
0.23483446380957296,67.38220201318029,1.7352221602063924
0.48817110602239394,-69.5227430842361,1.2456095399782126
0.7368071785708074,231.59758173142922,1.1016185737166262
0.23298656771106457,170.58100550840146,nan
0.1008344877181557,133.33317383496947,nan
0.1857157612067729,245.97795919288635,1.5265792446805906
0.7031817776407441,45.0063618190756,0.9547546920930431
0.809204517695889,233.97805371025174,1.3556323459673076
0.33749456244860127,80.75022556150813,nan
0.6989958819114506,-34.86906006835581,nan
0.35380538264136596,187.05525055860946,1.8668688432701364
0.8627979841969483,-27.496484073057417,nan
0.14752726790731557,113.14915030706409,0.881756479613969
0.9140928909347739,247.87146807601562,0.8360292766750278
0.6362912856005397,203.15706436189598,0.9738609984731172
0.7933008398007636,188.27398388388121,1.5998235526087092
0.8362356594455262,197.2581532406815,1.3497130587649273
0.22563016719483134,205.7567292471294,2.0169550602066795
0.8712144502469633,267.49593141262085,0.950607560711915
0.839489965621173,-87.42723116234752,1.2478873912663233
0.15585903301537155,169.81189335127164,nan
0.1288652184658396,-71.38284278447564,1.080420211607731
0.22076702224593933,0.7122896767033637,0.8499987773244684
0.9650756541003296,239.90688302091604,1.2103744568034998
0.6461121340685463,228.12312181714313,1.3954463106510018
0.5722377989258058,228.38212885230405,nan
0.9009415988037281,-81.5005277335533,nan
0.011885036931426063,195.585654665113,nan
0.325616355953833,-38.17114127615312,1.0192509574082889
0.11673041946278268,214.87918204626874,nan
0.3795119313119827,107.18533374268225,nan
0.8792540006943358,-43.24554836759189,1.7765966450822932
0.08306974475665499,-23.833319571845735,1.0130754387391572
0.6153045646216556,-65.73542285601499,0.8328493764698847
0.37038312110416793,214.6776986777135,1.745387157849954
0.6509200627726306,251.56992413128378,0.8791957361792853
0.26779739875580644,169.98044608215983,nan
0.20455019882997413,213.91448421432494,1.0226660355483068
0.2457186286791701,146.34892760629035,1.0458259947457271
0.5289939047652694,196.43176721841047,1.4346549032400466
0.5582932853389247,88.92085083954815,0.875825799397554
0.8052485159804412,-87.56848192983104,1.1427360009781704
0.2240169155817407,214.0014818497768,nan
0.6474172300346749,-66.45244100151767,1.0877660251600345
0.03890965724337027,-39.765362869758576,1.8494312216454238
0.7255012602936135,214.05519750520511,nan
0.7082891049685436,227.8144203470707,nan
0.9387271950972886,208.4659815270607,1.3280052049334723
0.7259618090907262,196.7450210951869,1.4488931013676378
0.22005794590114908,179.18527222114432,0.8201654128049592
0.6593486812690903,196.83296340840366,nan
0.09617815631465942,-30.47296587523803,nan
0.8037104805611617,239.01752135192388,1.3558913589447905
0.265093848579002,13.715164339181541,nan
0.13754683630453418,-21.401281884291087,nan
0.8776212560115778,251.3463350637344,1.3642696967698713
0.592466835852685,10.11925754429322,1.3269967457207659
0.372824047075472,223.1105211193824,nan
0.4856649544138446,-57.646855359214456,nan
0.2797571290876759,219.44716245494996,1.018534452579392
0.1649924111524964,250.1566374583788,1.023812526374436
0.13206529333805017,170.11507646556805,nan
0.059514221989965865,45.344614017366794,nan
0.8412975656414375,-10.492817195901239,1.1491849160012049
0.35966624434822814,12.3603973236483,1.6300343320309938
0.5819731928182481,25.43743257390014,1.2402444337771301
0.28697114838388854,96.57237851114702,1.199734405994695
0.5742852086397952,223.90600413168897,nan
0.262433316799058,166.35164974734295,nan
0.6271350750984634,205.60617643726872,1.4877986078018883
0.4380497746817227,170.64688633129904,1.1779643679579188
0.28064149522903054,195.02247399797045,1.3874827007450972
0.40021517787564015,82.01694389533907,nan
0.6978536393902477,-39.742976476962674,nan
0.10829583058055858,229.83966031612798,1.9488900377339233
0.5017273342081834,-9.499757721253246,nan
0.6404350292099528,-32.777847263779734,0.8852904485244573
0.829674943114769,212.18680346530695,nan
0.27044941265348843,244.65562757356477,0.9884772438062153
0.4225344023664641,80.62307057839163,1.2689303095901872
0.8589543503597603,239.3119447024896,1.3607394727200959
0.026401194216226512,238.61536966788128,1.8632594638853972
0.7680163581258398,269.3483652061511,0.9448563154228312
0.06319142047747972,17.975867553975093,1.3051569762709865
0.9670205481101402,242.92038183515058,nan
0.32537437682049514,-44.15318695282306,1.251043232404535
0.17530394919523984,-43.32599738862487,0.9437482515515747
0.9203232928678405,227.5038855537542,1.2318733186374893
0.3148447677432369,-33.61537587332553,1.5113719776417376
0.6810897218860588,157.61108725294315,nan
0.29733266515645734,-22.329107722697245,nan
0.1412357563830259,19.94573453380889,nan
0.06347410386049346,196.9267572210768,1.0442815368220923
0.05494803709372165,156.99880819434517,nan
0.4909478366734132,-32.236247812873884,nan
0.7841659401033909,-28.900167763851393,1.5280382678598208
0.06939663510463029,133.69757546838895,1.0549077183231828
0.48737737680490867,-9.92752141832537,0.8111156178188332
0.4934731427290321,3.4941585760794567,1.782033970647862
0.8942230197993322,-36.95521018541933,0.9383347110047696
0.2819502011752737,109.58469243112494,nan
0.6373419759881748,197.67742479854815,1.0667533174605146
0.4565626996379798,264.3300051632508,1.076195418814253
0.07798947941793472,178.00129779496277,1.4300084143357374
0.8475991639069294,-89.36950601526621,0.8871262589832744
0.79471278459213,-70.84012642960467,1.0531007923437166
0.24755911587525037,165.0602612925547,nan
0.5960516732882835,-82.40544181438662,1.032192190594867
0.7871622238597276,-69.45648719122192,1.7545078533190215
0.7226008194325415,191.04063932043934,nan
0.25725129334643104,148.06736345830245,nan
0.0015981142507200952,249.36234050167363,1.2513825029275154
0.9636698468000333,-38.14834220223912,1.4324904602736555
0.27091400331290516,75.15045573599883,0.9549490620105056
0.7248450653246037,168.39695626530732,nan
0.10782145212996797,10.389750217678543,nan
0.8473826819375468,241.22758779735722,1.5398592100797321
0.08744612526360662,106.58530269064904,nan
0.026689598710118778,-79.78005378210656,nan
0.5543548186064704,194.02550686922046,1.5106203560015203
0.473107721902141,62.625547929463856,1.2001831784905514
0.852307557176847,214.77690983923793,nan
0.1364045961477427,-25.49167827557895,nan
0.22443446494241542,29.13596563716304,1.1805253474653934
0.13132327789721115,220.77737899475002,0.9584291240549957
0.3242134247423374,70.54978428265765,nan
0.8131085620871779,-25.216831680746147,nan
0.5546792570957907,-74.99625262627194,1.3077057713328315
0.1761669651195067,155.95688023604208,1.6701603209838847
0.055982047612027075,-63.39316338911396,1.2599119380136494
0.6469667964114835,-31.474800978956992,1.1993748343699457
0.5190905202035527,-87.08142166664885,nan
0.2794064984449659,256.6725590177487,nan
0.6925609312928445,179.9437351126723,1.3234559317314145
0.19222894997971296,82.51843154086056,1.2352113069658088
0.25642877340153436,164.58751161511148,1.4138895325446115
0.42087996247935333,7.003248354247404,nan
0.5749194794146403,-6.036281449691813,nan
0.3972097218434386,242.8327328500443,1.8419891116458729
0.4463307469542774,139.06851041048492,nan
0.40108314220814845,8.25342131967782,0.8671924953496908
0.9585030549868185,223.72200604839665,nan
0.12742927063289727,238.55664182937488,0.980196411183123
0.6244621721759387,215.46303911007874,1.4719090723744317
0.6683997628877478,-45.12354616054468,1.2481718670126896
0.47072480942285666,261.1086122624005,1.766825829036968
0.2913939808473194,149.43702871852605,0.9617225980130112
0.1704047161617998,40.2874607055827,1.3674452713867413
0.8623689018569515,189.59715047097794,nan
0.02039455516185551,48.92477808934774,1.0274979496585117
0.48965624003677666,-55.10012134993897,0.8291447642352296
0.38476133644724175,48.577838207074095,1.3311715763012717
0.7384466399441176,20.802643916261133,1.5169575716482555
0.5990058401305292,216.97109529251154,nan
0.2198364212689002,-52.83916662164458,nan
0.2010739962594961,87.2503775656426,nan
0.15971377695503075,208.04758243366024,1.0259165687840666
0.4211068235448561,-63.13225217784645,nan
0.7104122348971164,-46.684900630167554,nan
0.7888764013539697,-16.4627965751435,1.4783977812011486
0.4477004628199981,166.96886743759694,1.0458013908051347
0.024596804915402642,-70.98019851470033,0.8763991116723793
0.8378414779248644,-52.81871124785047,1.6935854849733165
0.2775249396348356,58.74933739239964,0.9060099518302788
0.3810161754847814,178.76643295817834,nan
0.5926413799021806,246.00339535578343,1.0213776358777997
0.13110925664424422,225.54778200913682,1.2565326277729216
0.607213293188587,137.91901407622504,1.3687380610339892
0.0018702777097720502,234.88411378942257,0.8950378206227855
0.4180625029923446,-45.63960624833213,1.026937178036892
0.408513300322995,77.87747871961604,nan
0.1439953283896258,91.4609512145153,1.09129879067423
0.5970892208301396,-51.81619994351479,1.7050998842955851
0.9779279781680231,224.29502865198242,nan
0.3618231674187788,114.5085315676399,nan
0.01562838625819085,-18.88359218733808,1.4329760746950395
0.9551610510974177,-39.48349015042682,1.6332238918846473
0.24056538669078387,210.30813917385836,1.0209884064761643
0.038878423077513935,148.27318095599446,nan
0.0018964014447484072,-56.68601623162874,nan
0.6834286401665942,160.0718388276918,1.5707530673357333
0.14597927700879695,79.84070268664857,nan
0.649188555179741,-26.899447196888172,nan
0.6872567310880819,-46.549078372564,1.5448939904340562
0.9248759413096378,-51.026041061817494,1.1841740253058617
0.7339002947460629,190.2520975457054,nan
0.06693305392777504,-47.00155706136633,nan
0.005918008841167825,123.39905516557252,1.0159276688869188
0.2873859806804362,212.2010163655882,1.0635625536907014
0.4202233445795403,-50.78086855185916,nan
0.924435405218159,-54.07569634869236,nan
0.6657161945402015,-5.826855384205148,1.1368870644468718
0.3963431844928209,265.3437468878998,1.6003539136379688
0.1828497349416633,41.38050039785527,1.235423544647397
0.5455278651813645,31.23970839779662,1.0973371372602094
0.06553179487653932,-49.06218846892769,nan
0.7028908444883067,258.66736349229683,nan
0.29445728011584255,99.74629031254324,1.2098050695698608
0.1795301226481707,234.97480373739168,1.1537887657057098
0.7098095295142167,166.63854775113327,1.3498104653616807
0.03001409470533778,162.35507086204402,nan
0.6733298332779029,-32.97505577457074,nan
0.44694706735760564,-1.2835218381638924,2.0274867553245306
0.9869581524271386,-45.969631389500435,nan
0.8788246925701598,-61.03961793013295,0.8636333213758035
0.994036811864005,245.56207694592473,nan
0.17299549593432875,230.33238730222615,0.8733796349269757
0.3966643038549479,12.102432039055884,1.434086201689314
0.493554811429457,-41.818445594560586,1.3214198707151643
0.27777833124664997,196.62876186221837,1.7602163978151706
0.1460116992176862,-16.375208222105044,0.9413316655671433
0.12407829277263921,18.541671188711575,1.2881787224718853
0.5086629185922467,189.57904605738997,nan
0.022689298376398437,55.63004981819583,1.0760646547466937
0.2963535660173698,5.165893066432901,nan
0.8483686784170508,-4.950160489547891,1.2771306226734105
0.48382558891147587,-49.06490367482306,1.3216949426302942
0.9629331158319091,222.80667585912047,nan
0.28946596764518706,227.4593457015273,nan
0.20185615205803664,-86.12571699841746,nan
0.9202895822496242,269.4167469651014,0.9789522034165452
0.42085688732262894,-3.285351173879917,nan
0.9406897817250522,-45.31407580077227,nan
0.5440066369855654,30.691424305541545,1.6202861245791205
0.21432353275911786,233.5655042498923,1.0666594263752198
0.36088616623533776,-28.331162422970934,0.806265590960819
0.3184395953618562,71.24347650189097,1.7911547356065123
0.5945206139938221,-87.77048528659058,1.0011689587382406
0.4687030532080572,10.696199862483986,nan
0.5891946511888966,178.43485614669288,0.9878770106249125
0.4025560571108453,198.40833952100633,1.037850667964225
0.1780760376293271,193.3438388758096,1.4945232225960394
0.1871594764927368,167.18741279313682,0.9627657237956044
0.32378791688264735,263.21541309586394,1.0174289013826139
0.20206561843302684,-6.161164821092284,nan
0.6110199053074197,-11.734713288463801,1.0600459113580827
0.6236118087331459,-56.200533061199664,1.7433260835847701
0.7287285915997104,173.47624192323664,nan
0.778792743545911,252.63882532515797,nan
0.6169713025403231,-3.3587936664261377,1.4177080395466057
0.5265023776772012,109.56647900173385,1.4603008163747617
0.8895170159637732,195.7425236732924,0.9050200031565198
0.3749075822294842,-35.63734563423543,nan
0.25923333233576906,138.6748721791559,nan
0.684902066120302,94.34989450626034,1.513456077457111
0.16039611203668208,-58.837819343111974,nan
0.31023729444794984,-50.39619805343207,nan
0.7771395035515491,-33.36255884694512,1.4842917266301998
0.4874088662725855,158.68060852379938,1.1645343733772122
0.5191537477806132,158.13722868826687,nan
0.34473758202751836,150.47534266111097,nan
0.4352192388666299,-68.58840108972149,1.0521622090723743
0.7726640550239866,250.78458144339032,1.0434892810959056
0.06842490052591282,250.29305893691821,nan
0.7095701158806345,-5.270647891303213,nan
0.7857170331441623,4.52779683669673,1.0159655164002612
0.2571999828644307,219.6124630524648,1.723329409496229
0.44490069659923015,-26.72845364667907,1.2734150638361814
0.4257578029241424,-45.57200918652734,1.2170597566743866
0.5226320745479025,-64.41901749534455,nan
0.5776620009252588,-49.08271110732089,nan
0.875285086130548,230.64174990313418,1.3656145767049375
0.208446164718194,150.78163927225128,1.2225354898950533
0.4687987695289545,240.20425154771874,1.4309521458660637
0.05060453318208258,4.778271977534217,nan
0.1940171984102339,262.35975357967476,nan
0.01108004847599095,201.3649671110522,2.220428667511288
0.09589446192538487,40.036487494506346,nan
0.8908853379916587,-50.10801074566936,0.8511208537221151
0.8621933519645123,189.84821057539094,nan
0.6269699572581431,210.86856952678323,1.0643844058547605
0.6305934751409075,-30.11780035876794,1.4385641079336617
0.27200149909306653,45.63411137508129,1.3114884249992025
0.4509916334405051,191.47872474631825,1.9183052466759187
0.6734717185645083,50.272155733507404,0.8756951010693315
0.39840311678439577,-76.85986542375113,1.3094912867257154
0.8036675721705981,225.33576482130263,nan
0.8202121646089526,162.4151472216683,1.0753445351332942
0.3225439573344765,137.81444142193908,nan
0.0918657417324733,-86.29248916012008,1.089363280991115
0.2841670107134657,215.64642036780648,1.4288121735415364
0.6615000100901198,190.27963306617383,nan
0.10878291779797881,134.27686386829743,nan
0.32903440227663233,-51.179586792879306,nan
0.9558266252948334,221.04383145387808,1.1012504584528573
0.2598188630354342,260.95500959578663,nan
0.5683129641467737,-46.144084590921054,nan
0.9747986909302278,-39.996740400456474,1.5427605699406348
0.6161238707071044,216.4295141315604,0.9709796332738234
0.6463506183806598,-82.69978971616226,0.8307852233496443
0.0925090011081241,-64.12313621704205,1.6641771779028613
0.3266595464629396,22.694413567045462,1.0209709147369568
0.6115155033210979,-7.836691382766276,nan
0.6737507045333879,193.96637344852516,1.0321618343126586
0.6441607819818835,255.76158334940743,1.1356998472719066
0.13955438495344352,194.3828716296823,1.2502095249139609
0.46747197208633623,178.98661141573936,0.9503264561635313
0.1540167906393658,217.1160221677163,1.0252475339595046
0.17495337782205655,181.06315207747963,nan
0.030356013140389076,93.77511403314324,1.021384074007362
0.943065429552721,-54.22168794324604,1.564771214421417
0.3754212852690717,74.1736085593185,nan
0.4702888912193068,156.83210389832914,nan
0.808128806418329,-3.6763508166310146,1.3581817406230663
0.47599881612327133,81.26029732940646,1.5276675625403686
0.35158179966870684,209.97909176859747,1.00078943143925
0.3880101721684432,-3.305839180976669,nan
0.48907382031114527,152.08289394845784,nan
0.7054382188378245,260.76350446088577,1.431198253643784
0.9052906837501238,217.22271399755678,nan
0.16207223012722335,206.20080427103812,nan
0.224434055048641,1.2429525218913682,1.3379730863933619
0.25944478989152847,104.5886575169774,1.2391481512793276
0.662684081335436,161.52508175012844,nan
0.18348409949409383,43.804890226139875,nan
0.32307180259688484,14.250836705424348,1.1145269536397993
0.9411986797844663,212.58712791152067,0.994787461928779
0.3612920444589458,190.739419368296,nan
0.777341784943239,-32.15453180412524,nan
0.7861479591035103,-25.883763061452754,1.2094293505728086
0.6956807953001666,172.9613408705472,1.6467102193346923
0.7827289339659518,-47.53685235043247,1.2135206165201353
0.47433554174970877,19.23816747868395,1.101991341140833
0.44446972360354203,49.547254144213625,nan
0.9680424552442737,-49.80097506749643,nan
0.9154776717884796,260.65554858043737,1.3034011248012936
0.7390822863614088,174.78059720258884,1.2093787476390316
0.11887938012495913,38.505637032686366,1.4283775366217006
0.7206407630176997,197.78234097206143,nan
0.08701293105391017,161.24506028812175,nan
0.5549105529145487,132.68147428747034,1.982518081751625
0.46040066806050617,136.99485538231158,nan
0.8100096145596434,-38.586531269182814,0.780099835251962
0.0030792715966819206,173.8632625469562,nan
0.5711078700352011,240.83188835023924,0.9892863038662897
0.491398533225457,39.134523624166704,1.5106121795243557
0.9206729248338564,-76.2590623001158,1.485476358236988
0.2503020011293155,211.51645151093513,1.9165528062294475
0.27420178461472744,150.2527604953959,0.9514701050298867
0.5865329321217972,195.3612985510449,1.397573059331469
0.6256237290689174,238.8264061008436,nan
0.4796284719082732,133.70179479568293,1.173995009294921
0.038796835374955055,211.98040229432357,nan
0.2322902949498298,-84.5462192817672,1.1038577655929098
0.0852480506262242,44.102737770669876,1.5004774525220255
0.05791029487713012,201.96724094016827,nan
0.15074176535673312,-35.27473265091089,nan
0.5372420555517273,-89.40769040095729,nan
0.2547923028168296,222.94562307977316,1.084623641012341
0.23383052766233098,184.03860420146546,nan
0.5840059949514608,37.76697086398539,nan
0.6621869177190252,10.993014323330286,1.6667598243311108
0.8293595783603314,205.00474429407404,0.9675204434635044
0.6047509606107495,-46.38771666510519,0.7925107771830399
0.1357497724003664,138.09632834565951,1.6312177948414275
0.5944881816870795,-25.58308679285583,0.9735666039843568
0.976726822222364,-53.79650746188822,nan
0.4570152490284456,251.5562731461606,0.9821343111218951
0.6877256742621862,193.0440428635642,1.1381649630968171
0.05225662089324237,-89.17630963080026,1.4309069707725341
0.5576885782939663,246.05115750964535,0.9389190734878768
0.06610693669925652,123.5232735519555,1.1846991597248366
0.12364478211016916,184.30240313077365,nan
0.04864641632316491,-25.772567001954506,1.0145584439510285
0.6157470414153405,2.0460784490845754,1.9713294878759928
0.10576223654590411,243.12125495065442,nan
0.457567687311612,-41.267850365827854,nan
0.12195548134703604,-3.8580553447882835,1.3704835039427463
0.89988714637635,-39.18083838936772,1.6288030160524807
0.42882134808223354,168.24957461532586,1.0831658120691727
0.48724910304687163,204.24148175541097,nan
0.39402310218337755,67.22122006217404,nan
0.9351090737345633,238.9860259859607,1.490505879803445
0.4604508658188505,217.95700563941486,nan
0.27044705345905523,7.599346772280882,nan
0.3273978771576825,-67.81533335437868,1.619347310266441
0.05788519320563876,69.44923664595319,1.1905817089162567
0.006672548104558529,147.99288552358752,nan
0.23147385417203092,26.92371445660956,nan
0.10213031814407215,-55.633300602003374,1.1435622472524598
0.18560134730684041,118.33592007764048,1.0621106049113125
0.14018010950979642,182.06567830568503,nan
0.8514393384398108,264.13718114405265,nan
0.50011413012126,-27.799904821294945,1.1000592655244261
0.7258662394096115,153.98974012941312,1.672515274270503
0.5250198075804984,11.060886178441962,1.3405884609018575
0.21442268241733797,97.98551816306379,1.100945662771957
0.6605558137210519,-1.7958052039136874,nan
0.6375821725186125,14.448858774780756,nan
0.08972773844841442,176.90688610935325,1.2636657310777686
0.8237043054104513,224.73803637080596,1.1830394611916406
0.23886347291254256,148.52444668497415,1.566328224844579
0.5961451597574038,204.68606864443925,nan
0.007163673676380933,80.9581047575173,nan
0.2706293026438476,177.87574282589034,2.0206662263997317
0.04274491890467788,-57.257624164871515,nan
0.49718820873075004,-18.095671809145415,0.8914147985623355
0.24760294387578313,45.96609626464114,nan
0.4080843857419392,-67.21535258496522,0.9225507737740773
0.08546453231144845,-4.439195963216974,1.4684338070051777
0.7607556909241124,42.557106154664524,1.4473799311551319
0.21340925707708414,42.80922379091798,1.9525598028666844
0.5936388048837695,229.1785423192871,0.9596256496182223
0.6529552513660275,-69.71951656135026,1.3931444463827354
0.42751047069929266,199.03246562870387,nan
0.23001175140943714,61.89622729964955,1.0329161947923184
0.37393115962228735,52.9194003724229,nan
0.09957323398407708,-64.056132253907,1.107478035726809
0.15073503337263702,99.84615902898442,1.325528038775938
0.14337456945426857,80.13983253103709,nan
0.09603074332187406,-80.51412153208977,nan
0.014258073496483059,-55.7606631962221,nan
0.36617620373853565,225.10351128145493,1.0718851677111507
0.06714851202195082,-15.053739371824346,nan
0.8037185049734037,188.90388944385916,nan
0.4065006916606772,132.34060320826484,1.6314639830688116
0.3507918757646419,-42.42775755297839,1.1063808565886153
0.8229082788446304,-28.816987396612863,0.7824607650322762
0.0501710412380894,-56.43392824132877,1.7432189545584464
0.5988778736146145,-2.749162149807958,0.9158456034761985
0.77441355030082,-5.153507809490144,nan
0.07139044698781072,147.51340823941996,0.9255860488407001
0.5203334074982245,195.0761490788632,1.1991122901549958
0.34465970587581435,214.4099629247363,1.3697921066466197
0.8815453000643221,238.24404530395296,0.8455086775816454
0.32872271433044653,118.61726145601487,1.1594780961987556
0.3057001156597205,201.74868808535666,nan
0.1956232655198466,-62.59442287079413,1.1325471134369227
0.12784434198988576,-8.171616646375739,1.8567228911950961
0.00948378096711422,119.52603797915992,nan
0.3884138611317577,-22.390576927474026,nan
0.1738343384459067,-5.17009252662308,1.4092815098327052
0.5551165477707933,109.95478277126902,1.468689411811274
0.1979135749584586,69.408240231491,0.8859986054662292
0.06795777847554482,145.0736124408871,nan
0.40794227330341853,87.74501366443025,nan
0.2879046559993895,207.95828569054675,1.5650876686864632
0.6128491185931498,-35.43020830479376,nan
0.639535972968258,0.4532785219353457,nan
0.0926741543350117,-51.52852168380002,1.556360398823316
0.35931014896114133,87.22208621222282,1.189819817224874
0.25058661667269894,-7.452627515447901,nan
0.3121355905054502,71.25986985701115,nan
0.13232809989840869,-28.904536508938243,1.0502478949967122
0.7562346127801891,211.52419301321055,1.001445407834778
0.08888196731428424,92.27366525401942,nan
0.8137360146898438,186.1955242324338,nan
0.052509464235717875,138.15983159888214,1.214782937396297
0.7254129724449367,9.007258445031525,1.5917792072442245
0.06355009990996505,-77.00793824818334,1.1499460917059932
0.1799257629975698,-11.14266865818309,1.2287400685437468
0.8944539323074464,-70.89459148313107,nan
0.6733283492964564,-36.39800690378139,nan
0.07480828631886849,175.93389982521177,1.3461606204095706
0.26394248226229755,202.67862104158982,1.277786380111037
0.844779747087251,235.36721260952334,1.5602304343223945
0.5865778575614454,147.3987775177645,nan
0.6214705074724183,187.6856708691019,nan
0.09584459858660188,127.5564827854715,1.9485952415762915
0.3791648829110265,22.988604146921972,nan
0.060785175361967925,-32.97368763539896,0.9003279504525604
0.17373723287098775,111.09887685892491,nan
0.5615917375734323,-45.21141376430151,0.8905123596153002
0.47053590561708836,-21.620582719158968,1.4595493810507336
0.24607956078187804,238.6005760216905,1.4697210433419847
0.361651826704022,-67.92159941315072,1.8736019720360024
0.268484861834428,23.359445403089758,1.0744274868553814
0.7100099293209959,209.66934168235622,1.3304997992667893
0.2846018516262041,46.67463164588858,nan
0.8769260885404411,-48.24081826508295,1.112516142840851
0.5759125397213056,141.66581677051335,nan
0.4765586234821183,49.70739573939923,1.156038216432698
0.5510273248099811,-36.14467636159911,1.334445116814356
0.4131920799291737,-63.42908893243609,nan
0.05626992316429341,138.18604166021635,nan
0.23398106337166175,19.721804410379534,nan
0.4258568554746174,131.91543445875897,1.0834163451046745
0.22833338795303623,23.564095192184368,nan
0.8279991791383392,185.10576529160332,nan
0.31978971864982836,2.523246239028765,1.6492081338752418
0.9301114387604628,-85.84258350354864,1.1351934111381639
0.24507010050987282,15.666395650343361,0.8400911034557565
0.4114116015400998,-80.39154353332242,1.8187061382680854
0.889549387237221,-51.29952157975353,0.9262630774412454
0.611008422033992,-53.37298233044901,nan
0.1391506280060228,-14.541782107894107,0.8192296304011216
0.10407143813105496,258.24631954065353,1.1119499564628468
0.5241711853231104,244.27304589002114,1.195563495580914
0.7465061425528824,242.45007495980326,0.9871917190190969
0.5308430047554584,-48.218989645026575,1.0514332183394508
0.006774650460675935,188.35935320371675,nan
0.5323197988165935,120.20424036612292,1.12948921922864
0.13850556143736611,-38.183093887141126,1.7339970366742672
0.35403846612483475,256.76587057300287,nan
0.5329280975915914,-22.195253027248157,nan
0.4315482481478252,88.9617018568214,1.2561838472233988
0.02897659076405014,218.3745072972629,1.5979484889700004
0.8278278709600233,-18.78462869666789,0.9170945380805031
0.4842851193922008,-71.58247722402308,nan
0.34037991668978146,143.3887530703082,nan
0.32232937618606383,148.30213100762657,1.4378587216925354
0.5760847072498299,60.324796781342165,nan
0.7336983280176317,205.4592575545201,nan
0.14568105329695427,115.13024074964312,1.6099638816070576
0.8494247793546266,-30.00641026922878,1.162867144876609
0.5017905711070111,-40.81648008603287,nan
0.0182629058619852,266.18430954385934,nan
0.05256412354744344,104.40620668390449,1.1991057406364611
0.3028884266777877,177.2625944090932,1.0298795458604273
0.05481736140459392,-14.44087712556967,nan
0.7186862550876096,215.86794485178214,nan
0.42450573383781465,-14.31395932514954,1.186537428196763
0.8980407172081535,-43.19861576864661,1.6812181962339217
0.6437880444471108,-41.162093143334836,1.3447555541770708
0.40691917087676105,24.32717082508927,1.004492662951859
0.8154673220363895,-63.293555007927644,nan
0.5661297675302378,-36.78322988801598,nan
0.09264738053671662,-24.565804199545475,1.2608427114956324
0.7990971362109427,49.24605650661244,1.2597034801577707
0.2698157019331434,260.4049537282998,1.59807873186157
0.9101792723409561,229.8351391609164,nan
0.1617341669349786,-65.29830648756516,nan
0.15216014420975732,16.626155618002514,1.8193416301184013
0.231982402052592,53.23152549949822,nan
0.202014298648095,-38.35072922859153,0.8632120156140377
0.2687881422300289,-7.63897693030431,nan
0.02398384689818692,35.35183135098197,0.9609213740506545
0.3606395202528805,83.26375561618795,1.4397251640372695
0.0691498545629774,143.46793824720174,1.3957836688535246
0.6610958329109531,-84.8089766906321,1.8592476565108629
0.3152473981097206,-1.44886077268459,0.8737368753795428
0.34634449005918233,143.02083704723344,1.4600549037718786
0.15519518004463295,175.56063414985968,nan
0.5994401143609758,1.8855670226513794,1.0583717256027882
0.5095053778459351,189.65345205344343,nan
0.005496129345666123,-60.819263777018676,0.9883740381910942
0.2730743295156669,-89.27840087830094,1.3886901139509968
0.9374727112235584,-57.96442524833903,nan
0.29003600642485083,179.81062738279522,nan
0.4163031673366053,199.98877460248985,nan
0.743329575040199,214.41233979653774,0.9355912511188142
0.014209432230772381,-24.763702104823203,nan
0.7990224409038023,201.43307140765143,nan
0.6758491153965431,-25.329266820203372,1.4488114245847696
0.7261209376441865,5.062554816656913,1.0016898819086826
0.042339897442403296,55.89928235849044,nan
0.12080680425502925,4.072097576153258,1.7437479797481068
0.6437285799863435,24.313198462583244,0.9212622253913166
0.09633863366543671,-83.38061101658097,nan
0.11012575309182882,-62.44734154288533,1.0061705370453684
0.8049745277678857,-87.66727820800179,1.0286243613701178
0.170641730994542,205.48958745446055,1.4665582485647481
0.8115567442513807,229.7223629658303,0.8757351563818815
0.1538345721727814,-36.887864693386945,1.200388345458235
0.3161268172703374,128.0968326995643,nan
0.8964066436991385,-26.794925042672418,1.0882707957497122
0.7462898694950164,-24.978699379736298,1.7971528157718526
0.1424964098777367,259.9896976658017,nan
0.5742675577750991,11.815349200191335,nan
0.7981408696413016,-14.33667094474906,1.350013615763174
0.16577230253387748,128.68362820199894,1.4860789645290924
0.1629349073120253,156.18114424586093,0.9600602961121197
0.03306554982809197,65.66698747963477,nan
0.4051265410567023,136.6203516010837,nan
0.1288625482168605,173.6974742424913,1.5272583302825056
0.23987091338377095,163.36362548092546,nan
0.46007565218397034,116.57450447552716,nan
0.3065247184111939,-69.78619271039139,1.4759641637495016
0.2529843919013189,-9.500210184998636,1.1930634859516112
0.47063027818259595,-16.503116365551804,nan
0.2930178480125718,235.74703594549854,nan
0.19707264013547832,155.48467352734252,0.9664841842191673
0.09639950976773037,249.98526511860712,1.1633887446931603
0.002895590285101335,18.078413961685328,nan
0.8987152449903536,245.41313909887594,nan
0.2181193017105564,9.085209204134415,1.1079621133479547
0.7745656749045866,265.3162509326505,1.6083039123869778
0.07798679948831144,33.479889248784346,1.2211135668722213
0.1542726482224488,-89.69569146791291,1.2353986046660712
0.7833618456006124,-1.1103797268426234,nan
0.4403783784167546,-36.94181568806829,nan
0.20848269619289478,100.15232789745417,1.242433372169602
0.7008429941483385,-18.387603069779942,1.1116693492954686
0.14910904640426692,254.38479887189573,1.4497263786022605
0.6786499106573606,182.13457572621738,nan
0.3375291238052194,123.94215063822064,nan
0.5299696625778257,250.72397264150555,2.1140509163281527
0.7264515463719351,-49.30489124521024,nan
0.7580452329625385,-25.607022252922803,0.8447845392321259
0.521301811049222,231.0397053567201,nan
0.26518180017912796,23.769495649412292,0.9680601253895326
0.6952122184173751,-74.5695078242962,1.3995881296139223
0.07313657604353896,181.87211598504427,1.5603247422134927
0.3071479084979102,193.81719344089686,2.0049839503510998
0.23111128979032558,81.52005551088804,0.9255064273572429
0.21237093540090965,252.56238060215725,1.542242417949261
0.2028524557205187,192.8450566405254,nan
0.08236228599247533,13.208808430950327,1.162761323010692
0.316613638037724,-20.76905183244729,nan
0.9406774283508785,-57.984000961413344,1.0460551179947137
0.20631662071110057,114.45715790952259,1.2935959550357243
0.6950834509228363,-7.81907399413182,nan
0.37834245538497235,36.84362751345873,nan
0.07560283894794229,105.05586357285355,nan
0.3215745519184438,123.77082046291612,0.9322295955671841
0.11028802687092965,87.49177376364422,nan
0.5203579533754049,104.25665556150102,nan
0.381557049610019,-68.52425600969144,1.831871581620481
0.4515993350860176,180.38839419044677,1.0285095494507157
0.31003935785232356,-49.43667260273769,nan
0.13099493475251128,-65.95768847314633,1.8353135780780185
0.4103099603752679,-35.441104726206106,1.047901397506966
0.578165587429587,-72.65528223626256,nan
0.1778625962013928,164.71846961602589,0.940844474814468
0.6489804979151517,-17.964442910654334,1.2972293937802717
0.4231056655682366,242.66682399908782,1.4228224323879053
0.4978327087762393,87.18969656348682,0.9169948257514173
0.4087365857100226,178.05242282418394,1.140551740768189
0.4870724396660652,56.463066823186516,nan
0.964619086420912,-51.460164800236946,0.9672979254418831
0.7091065026957297,-62.29246892345026,1.664170300626453
0.21736430959420303,-72.2801887735543,nan
0.9111026495347885,208.01235673026602,nan
0.7335252658653064,-85.45604497126311,1.3677897231232015
0.13875516735524263,43.907810375431254,1.5421407246548704
0.1375880846990435,161.4783465716127,0.9412498622735862
0.01844827228017143,164.97178720050286,nan
0.18021257208173497,251.55986015792712,nan
0.03196059805479323,214.8653932039872,1.432206797967205
0.3018071113389027,152.9012779400377,nan
0.4291120158440661,-82.03750071113669,nan
0.63585314246563,-54.87611038589763,1.3874400935647562
0.6184684735482623,-23.30383715588826,1.2046147822214919
0.1382348138575512,-69.67859175538953,nan
0.10817937490935453,100.50006792596375,nan
0.30870050797771365,162.01690572555611,1.0747253972509578
0.10690594664865576,153.98229768152663,0.9860892392675766
0.41154428381868774,2.6450685843307156,nan
0.8083581063700265,-5.145223676163887,nan
0.859272444286767,-61.75822788015453,1.2199640460021628
0.0629455443129664,200.4130271522244,1.6770304674713832
0.25682595218694315,-72.15997411773824,1.1590822410596937
0.12396467399134659,-39.03619033694292,1.0965013190787047
0.503310714822679,112.49008727740376,nan
0.6130624433479996,-7.946178195131196,nan
0.027839843244381823,226.91662162360305,1.3262707587418476
0.5929949138224392,-38.63785461099448,1.2264180800167024
0.28196817550720504,129.05577422667702,1.4646966773145749
0.7121931648412835,-52.69361154724556,nan
0.7569733264093933,265.8401719542981,nan
0.5790579447693628,-84.87726870453079,1.9400043130270226
0.6365317315599722,-17.2978493682799,nan
0.5680044799438869,-44.64350239104671,0.8465003485681656
0.41123081603833395,-43.77532892128433,nan
0.6659889983318138,199.73949512658038,0.9174824542154494
0.8251395529177383,-59.64616042678978,1.5236128124768673
0.06261997996422242,-48.635521842714105,1.2949312868729377
0.3315113804500075,203.3821063495387,2.064293023720827
0.12424627347356852,166.57287198882503,0.8956339275392523
0.4454657723386237,202.25721871386534,1.5609340062185173
0.5437255565033694,-20.960885351493516,nan
0.15085058506432855,251.7811205475231,1.033031403620166
0.571371790060341,16.921194188510015,nan
0.4950446918646589,169.99784557593622,1.131985475087883
0.666879291822526,-60.7994112584749,1.3889240542487118
0.22852505982859464,-9.072620612957124,nan
0.441671418500968,-32.95296887326035,nan
0.6708881014862935,18.210646832378053,nan
0.10016705346781263,-12.89763656179041,0.9223962317101613
0.41080078213480353,-47.121682513420076,nan
0.5739049667906495,-65.93421897303358,nan
0.3310595227275062,74.19821116719868,1.5006907711485316
0.10220782023734591,212.1451119858599,1.0890881760604005
0.3871701884570294,-57.58217648702742,nan
0.24455109908713552,-32.45827487982604,1.6705610861356617
0.678561906398926,-1.166814081712289,0.9982189125838544
0.48237211074939534,-55.67320287478595,nan
0.08310022650876814,135.69276714385228,1.023578076203197
0.035620893093451844,-36.01093866817367,1.2336272823458951
0.223828065477238,146.08161210055766,1.3141641454305193
0.8369628759414162,-39.548382579122176,0.8017483781389965
0.1226422134227618,239.7941973047316,1.341900453048454
0.5158063772816925,-43.83275771230276,nan
0.11056277805593584,-16.62890522492001,1.013084872848336
0.6985889930244287,-10.957296307058755,1.6110126257624038
0.2996387744963168,-75.96824243227398,nan
0.5679516557801314,183.13097274196548,nan
0.47371157337186803,103.35677673017283,1.2863541375423178
0.019742112957490687,-83.40995285422338,1.543044004420306
0.6670736063580994,198.36656155495194,0.9213979438962241
0.032005438170969236,239.73481218613978,nan
0.7340759474051458,-49.69188325734683,nan
0.8092922813527805,-61.55734040902425,1.543189582591171
0.1812055811461607,249.60375816891593,nan
0.16940224764671985,153.6429646199504,nan
0.5005664578075889,215.0689644296699,1.5299573776993958
0.3320649747660666,231.2385199935278,1.229105540588154
0.05295188429534614,-82.94465175878551,nan
0.7911552243809157,-26.18365831417315,nan
0.7552794268103149,-24.255675588035956,1.0415110341599005
0.19277209241447155,-71.43107439471012,0.9883934161739902
0.3395492742301079,-7.0560196062286025,nan
0.6790141193845349,27.24440013462906,nan
0.3890323406586842,3.393513616901629,1.2076223635475616
0.15387225159717755,247.83826967872153,1.642284206000246
0.017723457157559075,-27.198413699988976,1.2333710726390665
0.02985080457563072,-76.51783533687725,1.257438356746382
0.9859169965092092,-67.60313233865237,nan
0.9457920353692579,-70.85260418481198,nan
0.09691571940421839,240.94038554187767,1.2555031353393655
0.4284292211282712,-72.6606392111214,1.251038894881076
0.19043475906694923,230.20006955113266,1.479465713033761
0.2475678670117438,-4.6295859915061754,nan
0.12784112239857776,217.22813190866898,nan
0.5306015588659694,-65.35848359871567,1.778608704442225
0.15976602098651427,135.95444853211282,nan
0.4893393609786333,-29.642446700298372,0.8209695354606562
0.25633859405037124,-79.90320759494475,nan
0.7197250096847695,260.593242201003,0.9147420516669382
0.5368389134278123,203.8899506772769,1.617393313511003
0.23352504904621502,87.12857391560951,1.264787597892139
0.8359919149457892,211.7118892938153,2.131959259635964
0.25267847208277483,77.84242925627649,0.9204666526027271
0.7819537936770058,-50.821224649914114,1.5258721322670534
0.616844271371397,-21.944038283147933,nan
0.9413682838408148,207.90436618016602,0.9661059185299271
0.3335536374353301,204.76052700413953,nan
0.565673844561123,179.67205818947923,1.2399618010914875
0.676511658467302,190.41931487800994,1.1850157175782017
0.23731188436351958,-73.00643864380602,nan
0.8945947920628263,-27.987859781929913,nan
0.24894916540501183,42.043680055703284,nan
0.25090263444698857,-68.92748398327129,0.9198679140050006
0.10192473652317352,73.70914606769884,0.860682771467055
0.11949989618941154,8.896120431455643,nan
0.057192214085455495,152.46882130806455,1.4617132239532622
0.0536000386620106,95.79785892505856,1.1055504004451622
0.01751883171104463,-23.58096305922755,nan
0.05330139232764812,27.499769359239096,1.7228834059716736
0.39966881214577277,-88.68112591480416,0.9666442856760725
0.5754247874847097,-45.152216081649456,nan
0.5000445929473603,198.31727628061634,1.09679485607601
0.054502867396080845,32.41173753192407,1.3171856368385215
0.1396621036075451,52.79129928461063,1.4846460385579652
0.26099358915917753,56.16680117705021,0.9673403556924886
0.3987106552730301,205.10767139802957,1.1880224399373644
0.5567273600168717,-23.5795368632145,nan
0.2803816141357763,56.02652743708653,1.1419336257633976
0.7256840263708324,-71.75163397190373,1.7797811981368856
0.06878306134585921,-17.982801420305606,nan
0.7699757583659352,34.007228519436865,nan
0.5688683795490116,268.6123231766134,1.3702148068069706
0.4850959116593199,-68.62224807245207,1.597369806514308
0.45557502656187665,259.5822182986395,0.9461662182844114
0.6376355887602878,-89.05543620301935,nan
0.10413105467635397,-5.346352270896972,nan
0.43842469755136976,55.976109942529284,1.6571899909923975
0.9559638168743924,236.91204144987654,nan
0.1808781119870001,232.9421292634779,nan
0.6142391449359333,154.43340723183815,1.513469989381835
0.8149891281372077,252.98528965288028,1.2298642354045195
0.4044627500902859,-43.83443054207282,nan
0.6533664896531629,-21.7057662833719,nan
0.1047934490220328,21.275335721344646,1.0610654264353552
0.1546127375874948,14.69917555953737,1.2060442951662054
0.066037597946627,221.72275635709846,nan
0.497643537249925,41.18448178015566,nan
0.4161933726474625,144.2722524686019,1.114243006118026
0.5726470280584679,200.1947055350079,1.6241914589500672
0.7584041135693136,-43.2491308084646,1.3384578374577132
0.45876666664096283,-39.0250320663626,1.0998424412952041
0.29832989276368277,-9.336349611521651,0.8789834137493046
0.4999244117661603,-40.40388709713996,nan
0.7186179578753455,251.6543389973861,1.3885799008920376
0.1650683604297224,-53.638607088815206,1.283895818736884
0.12441894482811777,147.3355117649181,1.4691340441488785
0.6088079660795418,-82.91863433688087,nan
0.1490979410644266,152.64184959236457,nan
0.7359445076338238,-33.08325015156663,1.8400831621018965
0.5541841447873729,209.26190134252985,nan
0.7227402532282814,-55.49135987659787,0.8182760355441675
0.08004953756756894,153.8337166541709,nan
0.058024533804397316,156.00546584514348,0.916577560928516
0.5112152053965737,149.4821082091758,1.4439144811655478
0.24337155760546103,-58.33655164966013,1.3233965586066367
0.8026838916126884,182.1215850660311,2.110228403119729
0.4576291747740972,169.69803844948117,0.968879596310058
0.09225939884402529,54.217510758098655,1.4057603727742756
0.20357985601791007,69.355222159037,nan
0.9667565953242483,224.99324576870322,1.0922749904689764
0.23550085463124842,231.3141187442801,nan
0.6243602329622991,223.0472311172071,1.0429622959439728
0.4917630347188996,223.05855009239073,1.2666739566476812
0.22485342737048483,49.0009917816558,nan
0.48319388707517835,-70.03967906002376,nan
0.07904452643369539,46.76723780042682,nan
0.402184350976038,36.53806572982935,0.9962983542462963
0.26066301428715155,170.61300044216176,0.7995093872377964
0.1934414643407854,79.65385604101346,nan
0.6180504942675934,121.55413063899427,1.5165029844372253
0.7045806263754228,238.57738065345671,1.0285115492794927
0.7402622242499436,-26.108117239256714,nan
0.4624581483624183,-10.111916136769565,1.8692434489278846
0.07085625051965944,51.36595911456783,1.0609590581587285
0.037517759183874566,169.41143080873883,nan
0.8107018600510483,187.3890503113015,0.9822910871837698
0.2660405473723088,142.14331345302614,1.2056266318020423
0.26041089314895793,124.68863072154082,1.4366402733613275
0.5920993823742854,77.00310962201607,0.9253040137732857
0.18582492933527223,-42.19945282451249,1.1044482612293125
0.8896172667942469,-64.79008635028254,nan
0.5669875761394956,124.44882510838887,1.0251540509712886
0.7129929629781946,-89.69055515111266,1.606592580265551
0.21466252108907113,39.66421233234959,nan
0.06774225103695707,194.4820414587383,nan
0.539865544970267,33.291919707096014,1.3367250464988971
0.12327856273727458,9.144127389360406,1.5080818272797578
0.8886392234664152,224.14561069472407,0.9754060004474727
0.23407313896404014,-40.60176166122175,nan
0.5784415858797642,201.49323426629803,nan
0.013837081892020986,121.33863805765148,1.582464121572792
0.358055610010078,43.62618983781883,nan
0.20389166169615738,237.938005901625,nan
0.33893886135101836,95.47136752291269,1.3984652456451327
0.4563709160366627,254.65040153321291,1.176269497265521
0.10958008664515834,-44.756856201840066,nan
0.6419609195551526,189.42783786421234,nan
0.2899780892575099,109.40521716299219,1.2402721585722123
0.47576409084412874,1.865492046255138,1.1279332968142857
0.583226350107139,163.0034699457247,nan
0.5520050290556213,167.25708279014964,nan
0.566740656185313,24.61911416815306,1.3083696219682504
0.3654430642333941,179.44267894168334,1.746733956680478
0.23884702906253788,29.6707375226992,1.2339573296565378
0.3777047115238677,-33.07553302212369,1.1149004370150108
0.3637015597385428,226.42942029064378,0.8963176576609087
0.10844379922695657,101.38605676873004,nan
0.7818469561433361,204.64019297250525,1.3184686009704674
0.12270800511342914,225.33944313223319,1.0440183830920655
0.06807564589611337,-13.141197460613967,1.515596234032772
0.29312721415545295,124.25020192262605,nan
0.09859947054980701,-72.867048310533,nan
0.8124647218593095,-48.89497198239988,1.7663088638171947
0.22579823069395943,131.69919072023959,nan
0.8625791887665673,235.0959463099636,0.9098437182304621
0.33052480605087375,174.00821353009454,nan
0.2787445876125091,208.824932799097,0.8604168033807129
0.245379183499024,-55.55363481634413,1.4568442211323533
0.154821179171239,39.42634414527873,1.350774624277307
0.6397311891130675,101.56322270778816,2.098223893651406
0.08965840800115721,-39.064666981507855,0.9955527711202218
0.36720375631854496,170.9044434554889,1.4577418299817175
0.42979101124386676,234.32349122686034,nan
0.3069046469297732,149.04328318030915,1.0821473962205646
0.020054555017225084,229.83932655466998,nan
0.03214882276652278,21.17600134076794,1.0910158636523979
0.3093180912389702,166.38966194331854,1.3637531013893038
0.14412299739895532,-71.12265168784027,nan
0.9058954278107624,223.2727612675818,nan
0.6067936130433457,95.8049587036428,nan
0.24930552363313285,-15.807299353206353,0.8451800215058742
0.5780984692000819,205.14640881164692,0.825694859664947
0.8248809534668728,266.20949190877167,nan
0.6140796938611719,-17.701877600551484,1.533500287606864
0.7365407112833156,263.31503963182604,1.0192782158290978
0.2619624051423215,106.78305502640379,nan
0.46448870532712383,83.80162486865207,1.8329712840809254
0.3234517600934428,263.21913651758496,0.9263194246164892
0.21448897858493648,17.434145931059504,nan
0.3153545950403313,232.79704541569973,1.0643658890401044
0.1428157270853034,185.67701148691438,1.0883425838586196
0.03733216818394125,79.21793998062459,1.3815167714394583
0.8019394428113898,246.21287384620237,0.9313058150744591
0.10469465382903431,187.75179463616178,1.0971466533987906
0.48093008259479436,-72.07972532143583,nan
0.1263731541632127,250.0941467248502,1.0355543549238757
0.7619167225864443,229.54550140375846,1.7787771122634533
0.3821004817966203,225.45634099267247,nan
0.6739710355267726,237.3516121391354,nan
0.46844614706242527,3.031419074006223,1.2851889744898195
0.07842390396632437,230.64361333906152,1.5529841992010704
0.6581440840615084,17.246363194514032,0.9129068169621691
0.7859668749010398,178.09314378331965,nan
0.37303875435112915,157.13391845246645,nan
0.609153457661266,246.1709287147093,1.659414357981506
0.33017880504073194,150.93312898754067,nan
0.4278735502205648,115.73163797575057,nan
0.02610842847444289,-44.28041788019928,1.4528048069845414
0.3367265942190172,242.7916786147342,1.159057355591481
0.13884649639540336,-87.22974733110806,nan
0.6719838050258484,265.2443152837634,nan
0.5262395057784867,205.5445861557315,1.078154996091811
0.3240927637970836,107.75054105376489,0.9294821914182595
0.8373563223877694,227.9584406511225,nan
0.8779424096674024,206.20653345759104,nan
0.7613062279415523,16.512634745926192,1.2369298648886444
0.639972819538982,220.83953477483263,1.7486223024542917
0.2632037407303579,179.9226493188783,1.1885077602261354
0.658779768668309,36.33564114609587,1.1534132791702034
0.3173819326939489,258.4402176080669,0.8582058202250954
0.05487790576399415,25.219298099211358,nan
0.6678409051270212,229.35931759419327,1.3628597239188605
0.05201316486040537,226.1434951419406,1.088770165488125
0.2523826159244223,259.29187646655737,1.51475326212135
0.8213800360979784,223.96932262942806,nan
0.08240656598505314,257.62758550056134,nan
0.5420948437573267,-16.478184964291074,1.9724390191347663
0.09716064584605638,219.78907985439625,nan
0.9158541090125227,263.7093918794606,0.8109475966675254
0.10712876743113064,166.87016748178155,nan
0.3556163970612732,168.45168082605863,0.8875515920006845
0.937692504790632,-57.753577624248024,1.4907648759987038
0.17221834675606054,268.39970155151093,1.4524365590909503
0.5672990880683447,-12.007581802998018,1.9689843275491004
0.5939886228301631,219.8687939246071,0.9964885228650787
0.21191205391841328,223.45639600390638,1.3031779654247013
0.6162596039167811,164.6610110535994,nan
0.15328053771621641,183.19532741144533,1.011979729378564
0.03529273653287571,119.69720689995783,nan
0.6770506371984135,10.662314383042514,1.135932560179818
0.06503009827136064,257.8030584899609,1.5269488437649223
0.04822895654610959,18.255053280051087,nan
0.49662600152316994,187.90858794614826,nan
0.4103679365593472,139.31691957173268,nan
0.20784974491315064,198.327259784636,0.9263603876482723
0.49142984410933555,-12.568771179916062,0.8323729917620482
0.9068657321843,220.49378559641212,nan
0.9159559670384952,-60.31594517458794,1.4403893461855533
0.9657132477638101,229.0127879703339,1.0304791170345569
0.8363450185223489,-54.501215741334306,nan
0.09321325092732394,85.5321564527479,1.5355711186930843
0.9753263624754294,223.84894364227372,1.0464397771489826
0.2873588209521334,-67.63860388680338,nan
0.9223065420210984,219.8171075371662,1.0047756179477403
0.12707537369589805,37.532112081433155,1.191658903571835
0.34221132708434343,137.14957967283107,1.5026274279803278
0.9282536043931895,208.78482648527518,0.904235735282236
0.05760504478414785,194.25394169380257,1.207340678728587
0.3422140335139105,95.70828936733699,nan
0.1423818012006069,120.60827586963069,1.153488491817119
0.11325966851818436,169.0678707201901,1.7359321000981316
0.1081873144492611,201.7060648486315,nan
0.12060539950774905,122.27601430495126,nan
0.09121389019498104,190.16866239888262,1.2214494813304015
0.23448837784005946,154.5903018454746,1.6497022030749522
0.6526552801533928,140.0567204485759,0.9133034835367486
0.1775418792955793,187.45752505036114,nan
0.1633569247586158,223.3210777204161,nan
0.4188989856729407,171.4558978922289,1.3636929279767864
0.2873977520293787,167.83599201822346,nan
0.7523958362211398,220.39749993125577,nan
0.6719481613861364,0.1253672840166189,1.5266461038055097
0.20947435671234582,188.15549937834842,1.1817369646735119
0.020395959052448148,227.6717875300186,nan
0.6445217877950559,171.05472032908605,nan
0.32368616425645175,257.2689853733418,1.052519252001464
0.6905619014685435,222.23753692996124,0.9980485847018262
0.2898999647553139,-15.819709972298426,nan
0.9670787832757928,240.1196048896443,nan
0.3322986994044644,164.44866995953709,1.1259399261995984
0.5019112454691332,178.4421580754282,1.582187584396328
0.9252628218569279,-40.06080483049817,1.1672425117205227
0.7365050953326715,-80.06109887788074,1.2044973302580142
0.5071165004610102,210.2073115665489,0.852911085041608
0.09172578846383002,182.9027775863463,nan
0.5657688205443276,214.4385237113382,1.3800197172804667
0.1560156955606872,199.23369957663095,1.1457257082992334
0.09829760961928849,-89.52041917883074,1.4543779964974728
0.3547044719532261,187.29636937236486,nan
0.07618595899285269,228.09937483180283,nan
0.5670916835652632,163.62832190959114,1.6767717458661453
0.25864259188110744,4.568210758591562,nan
0.5745825118846536,152.39334569294957,0.8606429591432189
0.3699992829835251,230.68704454278128,nan
0.057077409289369,174.581845320052,0.9166510248255805
0.34543473633749766,52.27203758047227,1.3695032180401057
0.14959806338553286,11.902768283501487,1.5508861363952218
0.32850164802632736,27.45050874261031,1.807667328546695
0.32078982874091244,247.92257529062366,0.9203999540943423
0.41028185281175883,210.92633526777078,1.5716717497221355
0.07487785246844658,90.10996735252087,nan
0.5019556994472527,192.92828330557813,1.0490576307749417
0.47061737523538916,216.09032524277282,nan
0.055582072385415904,20.589870179520375,1.2418511988921703
0.21436420879067,162.4427395460252,1.3848642524178312
0.07683348871309231,211.20582906658916,nan
0.44121627235673977,182.54400658292312,nan
0.03207349215803587,261.5424768929188,nan
0.5225046556334842,212.58935497162375,0.9837454446886946
0.026038312886899173,-60.35356869282592,0.8623717268853134
0.6075773619419456,195.67663145932042,nan
0.6470458324346384,191.73940062868758,1.563370210402044
0.2084597780744749,0.5404147446652416,0.9825531386524299
0.5848891978713928,-88.22463768207646,nan
0.5308180313157738,-78.92426314600473,1.6642277020518634
0.9941360183363648,241.1884135539536,1.0088167118556266
0.024423723096652968,157.89493615623098,nan
0.38233261937293983,237.83912060172136,1.0196990087088942
0.7801705699474288,214.51323737824154,1.0778384253393145
0.05993933809207991,-10.152666856393495,1.4509428309462542
0.5321827545272096,187.8236265612935,0.8251657540529173
0.1745778881051548,-58.638830121409285,1.0699140484498213
0.5757859566920595,198.71668279481563,nan
0.7030917413498344,170.1213106595576,0.947586944627975
0.3000659273231492,-85.43079555009834,1.680822972959484
0.5097466075983086,218.29133891184142,nan
0.39131341153295823,193.65830924296176,nan
0.39473410847484525,19.466825751317025,1.3854993022641175
0.3402407335692252,-38.215945216741744,1.590748370824186
0.12491768888737909,120.42780280760513,0.8966617374546021
0.699143618352773,226.13615320064082,nan
0.32806418188840714,254.230934787551,nan
0.362036589219072,195.1806332116575,1.5174083586104754
0.6213332731790717,230.92783907041374,nan
0.3567659795100032,66.22772029746639,nan
0.41907397995024953,-51.18911823155344,1.5445256805438232
0.5831287658717672,-54.780949213430574,1.2176459966354607
0.6714965258549701,138.03152068906348,nan
0.07914335655000959,94.0576349718049,nan
0.42851038116998874,206.714070837398,1.1398674907111959
0.5780088316116397,122.55007026942658,0.9808619906685826
0.14354193609755683,-9.922450691824764,nan
0.1950951412472508,-25.029767078546477,nan
0.13886623034842097,182.78881126545642,1.218618529919456
0.14318264700450403,5.999406554503622,1.7003576907508848
0.7406252671148118,-68.37177065117189,1.2082662605127
0.8203913594539605,-25.091140176250462,1.0740089076671178
0.908942152962412,220.1199783553642,0.8485271798179134
0.10302632544424778,43.27274790666186,nan
0.7742171685207515,131.6286598260396,1.3506516443434875
0.6239562264000579,182.5552469581506,1.1422750677183215
0.14743383266466423,0.7170387206656272,1.568754084675
0.18420577111110878,222.5099492808089,nan
0.2519723256216287,-86.69213563056746,nan
0.43387000115767604,80.0360815640591,1.8950451325022581
0.3843366829939653,247.59181932975008,nan
0.3328603838352996,-14.27375812900803,0.7921545665419016
0.43808984432193254,196.6584262382302,nan
0.2982835429307007,-22.151139529904952,0.8084017438152149
0.2853355681761024,39.23658617953325,1.2952527221286811
0.22310061271992312,-29.115980369097652,1.4461409269661065
0.4195820260370547,180.25245650673776,1.828502291176668
0.785170963585355,-69.49307876313833,0.9227604540776592
0.003169130417846,185.3846938999626,1.6307509020241222
0.637067709561502,253.99219757569168,nan
0.7320071920447138,181.0805176551119,0.9551249442889782
0.5506942451687706,-79.46893277573915,nan
0.21438519989895422,-43.549451365960294,1.23923845961239
0.4583344513920719,-73.16855543093124,1.4794885417262877
0.34201269648788435,223.86725410807026,nan
0.08929639554362762,154.24952244071395,nan
0.557562688650337,249.91788871281966,nan
0.9025824738459262,196.49775353083382,0.9599140357637093
0.1872842488268166,48.37202670911768,0.8260388607082056
0.3845172861977463,-35.6979307114773,nan
0.27107648688591246,117.2909693444655,1.719438170137672
0.6324337485984183,266.7337754939497,1.0149581301536446
0.7515253700103728,-14.109353914592246,nan
0.7245280673491544,-18.41754221748829,1.4147014338985917
0.5431702388925274,161.39433355169268,1.0346508460063295
0.09994069576276543,-67.91448040103086,nan
0.8452424466886579,201.0810323026065,1.126866169892598
0.7241808397352801,257.4021677323368,1.1819061898863277
0.24859338429288597,157.58337709109125,1.4894437344238447
0.0715450851501147,141.47645383698625,0.8481877793713835
0.2935615861428651,-63.68595813963988,1.11615108429125
0.5425096772518438,100.88589725850665,nan
0.408843040285912,247.4629864133225,1.0600239782644938
0.11313829152249932,7.096977991875594,1.6282910802315904
0.4244132352594153,179.04540696871936,nan
0.18131957117360809,123.62640722210197,nan
0.5214584389220493,-72.02213451564486,1.236715206361214
0.4263072657446778,64.56028894174956,1.495981146036314
0.51365986559695,220.8387705343619,0.8756092558848766
0.8803525754605589,-18.628086036551565,nan
0.43974076387399824,243.4636932968926,nan
0.2661814698819865,100.99371065932593,1.447900071801467
0.848428142745105,232.9191449021823,nan
0.6076638906775741,-85.76411175050974,nan
0.08449066378757615,265.22323097113656,1.493550006327454
0.40874642176562137,-15.235297544675191,1.1091341628305966
0.28856783702189265,233.73323307013786,nan
0.3754599907609928,-18.813239948398603,nan
0.5171406410353827,210.00051698224672,1.0232386310400068
0.8438821069998325,206.01809674114816,1.1101876567687738
0.21822580745937473,236.8500079581436,nan
0.08925808984837341,113.379747601972,nan
0.16974776339727682,-26.588734848452248,1.231885659383748
0.4115259643628549,252.9932431367687,1.7272560489468067
0.4710682062567022,65.35759256256557,1.2811318377629992
0.6804602596017821,-80.1168212852605,1.0858310417353485
0.2966884030745421,172.308864514421,0.8739044484787611
0.28045021199895015,-4.134792130827988,nan
0.34528749520042656,135.7324699284872,1.452060618809587
0.8075615542609685,258.11388604353397,1.1616542335074735
0.39174370848248563,7.319624996667471,1.3632469762088033
0.10844730665963762,247.23554020224725,nan
0.34956558455427966,-5.955703063042843,nan
0.4161128834816473,194.7752502230709,1.782522630233669
0.2626470343595676,240.08914058740316,nan
0.19084347855398764,13.426318168331562,0.7413376597737348
0.675564444395852,202.8858048801687,nan
0.12916208178881428,123.54449858047924,0.9155093971653798
0.24518881303374584,161.2417333840796,1.5800823574043033
0.47232831199832204,157.64520250682543,1.3707012566551033
0.5955664093567836,11.441172989229722,2.052461387978437
0.5866912923836431,109.10408606883954,0.9711733815009795
0.4640524300259954,72.35387534189574,1.6991421921688787
0.39233426820673356,183.4196728474985,nan
0.868973440729895,256.15626935063904,0.9993165902529544
0.5588208962223662,-30.9877624068952,nan
0.04270133745816801,258.44722930750197,1.2403000668476387
0.36370724665671783,49.272908039744095,1.5155643774407388
0.4634730861473895,168.72593939321914,nan
0.6285866250937342,153.85661231502388,nan
0.42901589548897345,190.94825441522718,nan
0.7328310686353042,208.9369985757331,1.0072521171492874
0.7607150242682352,-21.862055413913897,0.8790781376850878
0.45761162904011793,111.92662275089678,nan
0.14564729745965732,-88.60947915869292,1.5911439038445312
0.14068499401742096,236.63500136515128,0.9814173666389088
0.23526445959204972,123.84536182156182,nan
0.4689360382079911,122.84914174255267,1.693434709248533
0.4633446837877594,205.79593269328268,0.9418780435225297
0.7584183003742936,-16.276957367839813,nan
0.49513537553072445,15.32255777586074,0.9968111064097656
0.7021260028425023,209.3494839815494,1.1628249985935397
0.4130312020666475,-58.855491069800294,1.4239395369374592
0.24246324641538658,129.14909453850694,0.8642001075971982
0.8633653437301236,-53.99670197615481,1.0121058115287054
0.5604490829735725,243.8549209116095,nan
0.31096513436716916,81.35446767568929,1.0242633686902245
0.10429041909615111,41.65849321489479,1.8240835785135503
0.6050680629661354,148.29156095165976,nan
0.3386040177000359,28.241843985058548,nan
0.8899051706984993,251.57125328758883,1.2735128193839609
0.12323709643598907,77.2951923351959,1.6035823503365076
0.5368499615407771,-47.875069529170275,0.9396983974180059
0.448907219972006,26.51542365690156,nan
0.11106625254596936,71.95144026501865,nan
0.6324836070935795,150.70594086637465,1.396716190587117
0.48790193631297474,241.7711315237913,nan
0.5117518823468727,15.504519804334763,nan
0.6168878202003228,244.27330080670066,1.3917506126341601
0.15457894675934758,150.38819981302163,1.2031216330017667
0.13097002241974723,239.60923559826952,nan
0.6641388535895665,269.83900671022883,nan
0.17527093894246606,183.507742651425,1.21927598983869
0.845707692270562,220.56179380873385,1.0427937377497303
0.3977433614159407,88.74273576149298,nan
0.21169988325096684,165.90419645830258,nan
0.22030056049573687,9.212530802122387,1.1550634975911471
0.22147824775571273,83.14472799953218,1.5313142275783393
0.01327750652134263,44.55181971618572,1.187061359525841
0.15134905105019159,182.23957797662223,1.1040000750469343
0.5728866283429057,207.82879534357866,0.8388575780629226
0.8439423385367031,-53.96192951492574,nan
0.7749199523467031,-14.788502766082587,1.3533796010857717
0.4483383371520976,78.31089974619104,1.1511077632246225
0.9479671762639659,-61.761559745646,1.490195881408406
0.703995060405761,8.73336421832272,nan
0.7937759171550125,-67.85162763050019,nan
0.8070319968380923,164.14005863616623,1.8218070057842068
0.4006641297458538,186.44524319104363,nan
0.011781270491862506,144.2587397093506,0.8659406408084879
0.7185751961753294,227.6376373926065,nan
0.3064132760608762,-21.366437138517597,0.9305839163069088
0.7817868716426914,161.19369115890422,1.374272367014903
0.2549702209348589,-74.55541935836509,1.4150094028521674
0.4649002020576114,-31.888976304750532,2.188628654991112
0.47937359863801365,-54.9547915610888,0.962805257362264
0.9669679423722632,241.67818616610128,1.9088613756095394
0.07217100855849767,55.85800637424691,nan
0.06573174283377728,251.94983436076885,1.1085477804510713
0.4502363431400322,53.1081830881012,nan
0.686421631262785,243.1688811174037,1.1932014678146308
0.3098399801419531,99.76797631300755,1.3078334441971153
0.32873839561351564,10.606979188576474,nan
0.2923555384265668,253.41352351415148,nan
0.06072012845150315,229.02220527255423,nan
0.719415113392113,267.83308880381406,1.0039226299329895
0.14055721581365915,-86.17400601187316,0.8045092863728094
0.017912173746606364,27.773754512598344,nan
0.1120837593093914,-77.45354713849632,1.5740425018446846
0.08711435877148559,134.62979200340203,1.13432867841138
0.2769318979844575,172.0581913392321,nan
0.09433289465937705,217.85487070217098,1.5263503964625909
0.46038367660187657,239.2865668212537,0.9904888366518786
0.8413508435201467,-36.66393794217197,nan
0.6729735416509914,47.55784559204378,0.9647538635007262
0.4184252350106524,110.62147563101229,1.1582084023350483
0.37882433833645435,264.9421867898236,1.502224523068161
0.36674904466486236,-50.99699199518491,0.94209662668462
0.3423004385233256,-77.79005016988401,1.0724809718714512
0.4239373826248902,48.5402231224883,nan
0.6289586423929785,206.31245910429976,0.9918302794265165
0.2627272244442948,152.79674574874124,1.8287125068554935
0.9436897844717735,226.56420357402968,nan
0.20327406725862213,30.8426105860909,nan
0.3644295063806481,-45.22578950104554,1.2849559629666794
0.8077280118065335,238.37822852304214,1.4490609085887372
0.3489525242865952,157.84808644039512,0.9033418634933152
0.4976464346057267,-75.58287882729621,nan
0.30504251962976275,-23.12259546504103,nan
0.4768129910948139,-25.15697464610782,1.4832642105235576
0.2517613874631269,169.83598839069933,nan
0.3615691636194122,102.64121252587809,nan
0.6600796054756284,156.8209431663363,1.2747617003046512
0.585273468646953,190.19512225612544,1.1924591815610708
0.4379707519266733,-7.196866365565938,nan
0.49707050745961817,215.12058601940407,nan
0.021957060728197475,163.61467929121605,1.1738071192754904
0.5331765687642502,192.2123226117278,1.0124493915785115
0.22698037866687137,27.271729680506517,nan
0.32414116882548677,181.75563824872037,nan
0.23657865496809058,20.16425760037683,1.142014516516164
0.11899962497761592,142.59289412025265,1.8957660722436873
0.006387972048235074,269.9478279337825,1.300339004906465
0.28062875154647515,190.9144983811682,1.0670147632729166
0.1849291081081192,162.59329740267793,0.8952916746064287
0.7903928022042722,-53.244009018829814,nan
0.49059647026445835,-32.78644123028276,1.3728254586239093
0.19973908041143862,149.90499060169702,1.2035847558674428
0.5819722822675932,159.6449290858177,1.5364980112484405
0.24739683285046976,79.43000041529221,nan
0.5535005908725817,-38.011882709708914,nan
0.47292506867756795,-52.45150267885036,1.8384653397580093
0.3494052120132627,233.99003374993777,nan
0.23306372128647954,241.32522968370614,0.8677740830695336
0.5915757287495862,186.37011235285996,nan
0.7807111261521305,214.9822313494483,0.8414792493832617
0.6164590623746311,177.24563943122382,1.5347147960523675
0.8026562155670762,185.7881281638775,1.4686747907153879
0.3478763074528258,203.00924389147744,1.8291565291119376
0.5658592626341993,125.38670792791797,1.015664283247096
0.1629713865184439,-55.66167165724079,1.9386184945375675
0.6052742990448825,21.24945783896149,nan
0.27944340272631324,195.29687169850786,1.0304609759577001
0.8247475290196853,31.816980590163134,nan
0.731655088977709,223.30667484834885,1.2258631134762017
0.4560582758624214,248.20367529702327,1.4573497528856731
0.37029581264841716,-24.391875340549156,nan
0.6089712667628118,224.413676565578,nan
0.007261152580612884,183.55363228306618,nan
0.7468571719624244,219.48360716234288,0.9990615001196902
0.18746902935331666,-18.198222628076252,0.7808147143234869
0.03466635985112765,48.60984597862972,nan
0.26381296767129797,-26.998610803317973,1.4614608886398623
0.10154956030505785,177.02220739135487,1.1612636219970054
0.5433685887627434,175.80823658188746,nan
0.636842075132386,262.9056386843387,1.7875447888024105
0.0029646530196688614,148.0614045577588,0.9005304199651261
0.7842380741886542,3.5895282214416397,nan
0.3638374640602027,-79.72226161965779,0.9532493414143319
0.25203140005947694,-21.51932130202752,1.1982661150104092
0.7271151507684954,235.5405704122732,1.5137620037874617
0.21067825909524812,51.370058484993386,0.6953440789520451
0.2314286679472607,-34.323462734478454,1.0493039503408037
0.3914939996664603,20.077339382439213,nan
0.043799973543276804,259.12081375213114,1.1441096866889924
0.5822961369288584,86.09124012714804,1.7662502312885784
0.6065924329058943,246.23181373447255,nan
0.8178084834768687,207.4270169967796,nan
0.16622841379697684,-33.809577882821685,1.4936552115101602
0.7188814628569473,171.6982741189456,1.5422606180421554
0.16074922530376412,244.6524789477291,0.844030217894847
0.004235443607961686,129.05244565599438,nan
0.12903380491314903,47.029109531892125,nan
0.3334345465436397,108.39834855065311,1.551834070042645
0.13658754513731636,256.448650922135,nan
0.7238049425390349,-20.806386632493357,nan
0.522701196779123,196.65009986057888,1.4652967323398371
0.14918608115068366,137.4542219758769,1.3009354703665217
0.6009384629601305,-80.5860896657292,nan
0.39086842193911403,-35.00365903150822,nan
0.21826786677343754,100.05968431828816,1.1417167660156133
0.44474835700310356,8.522824799442606,1.0045849906539805
0.15021428028950579,-47.26974396407648,nan
0.32347362555008474,35.978153920570904,nan
0.3199735553886236,-66.54304056030637,1.1573391137290037
0.004861553087064485,-19.460867580581578,1.7445326096200362
0.5753766584458176,212.53591859086094,1.1891521127296303
0.9010474592041049,214.39155945269147,1.0318609275660406
0.06674945614062175,184.17735073525228,1.0709651112317413
0.6016286635552247,-81.86229222494731,nan
0.5119081328614621,-66.99770722306425,1.2846319111641158
0.3899161854292555,-24.2633223155179,1.2512309554746799
0.1044757893047343,-11.389199695648593,1.4233152863677092
0.10142555042525775,-49.75357526461514,nan
0.32314964716366545,136.25813138668696,nan
0.2922943728823377,25.298331604499374,1.6579956392569606
0.2558010698665607,102.09946003427669,nan
0.4355246274192903,-1.2428454799530648,0.8519028502132181
0.17880589296406874,136.34297073468755,nan
0.893291255130082,213.9990722860585,0.8502888927118759
0.11497696215485549,-50.95398202002407,1.57358461358833
0.7562918840585571,205.1554819740062,1.3800501835760306
0.10321420217969327,77.20182747502707,1.9421792318871383
0.17360980602940884,105.69009881534281,0.9298118333362181
0.4907363787895997,27.287937473150578,1.621020992438865
0.6451261133960406,227.05757941252153,nan
0.5875939096246082,188.27494232009172,1.0960801748069289
0.35479166854895283,37.179013172873994,nan
0.1136991099090015,108.97825266811311,1.0480003190155187
0.38270081443176296,190.69120116763787,1.4866176237831576
0.5040486154124705,40.43819472922212,nan
0.17567216580664752,110.43857074758895,nan
0.41978290614424657,156.47070567903964,nan
0.2823171157101586,-83.29141759239812,0.9965042634218393
5.767249566815402e-05,-24.821614161718053,0.84573047342202
0.7197860927347006,41.003316419528915,nan
0.388446574462391,-45.909617206331376,1.6076870262356326
0.05255768114756364,-42.60652633307129,1.042299579561991
0.5582371685208006,261.3114248604127,nan
0.1953164822715553,18.485708724615797,1.6976559555742665
0.15321253400710164,150.45296280055925,1.0250282487044384
0.6514466785369957,7.928310292515988,nan
0.6588907525984733,-24.50284386911278,1.0537080845392275
0.9276466887038348,265.40315285808776,1.0975498029901798
0.07401452587204985,-37.025734839903805,1.454803528739032
0.6560158040641684,195.288354034912,0.9221341028476987
0.13185120952473453,166.82026761071282,1.0539675647647015
0.22498876484106628,58.88058511072352,nan
0.1388260167954935,1.030329375942209,1.0367005225480008
0.8288452317958659,223.36667553051308,1.7580884897912308
0.23740499399289838,27.63255882201784,nan
0.55067642355061,175.08713449554608,nan
0.28732441118388524,215.40238212032608,1.7006616496785785
0.37089471338082103,135.30356566240624,1.424467765598635
0.06170085577457753,38.21567592368871,0.9054173554290276
0.562370372177186,165.5008847385083,nan
0.27089105127026725,-53.785310734312134,nan
0.4155583493990972,197.68935765578564,1.6935713594284607
0.4848653131112302,108.43687641118039,nan
0.07857966051175602,73.63380092818004,nan
0.45461026780048464,2.0809203938053535,1.5570340245741197
0.21579483801717256,10.333220552990149,1.2028696967930672
0.41065460061424497,-65.9702596469211,nan
0.3905922002957334,-35.13051615643266,nan
0.4484673404255815,164.07394136964786,1.1561427085560807
0.13275541078433156,-5.9443415591645135,0.9102344867855904
0.20616937504374416,-28.2757031738482,nan
0.18319106888194275,-51.915735455650456,nan
0.7398322210089663,-12.326107786590569,1.1423736406016523
0.03503412951374152,96.34100327939535,1.556032910867699
0.3673859978868329,192.928737898095,1.221278499749105
0.06228816909966714,19.328220819810497,1.1092188053895575
0.4972175882165689,247.64537661467241,0.8575590546977633
0.6114887860389701,-0.23402613285213647,nan
0.6506253670412239,7.745186052853057,1.3458351270243052
0.16883661142555273,256.945868347261,1.1316508249662998
0.12029046585261674,11.427542423582906,1.3287295700562631
0.08317171572388321,-49.58679562838714,nan
0.07454545702471216,242.82904728629393,nan
0.07460585297989061,-65.95650308143433,1.8780117262817606
0.09008782861660647,206.96875809415283,nan
0.7321012153741674,188.196949177247,0.9008862389756037
0.4952207103825317,110.52830908930665,nan
0.03535922640506123,-69.14041192290871,0.9208550881644413
0.31533530848472574,268.3055703183519,1.6426477525581502
0.08576916740766694,226.4870434716005,1.489443871090459
0.22854222363781554,150.45454335294366,1.9429991848259813
0.965212234017996,254.2920586781123,0.8975075651907546
0.5519465785372861,-19.408101744635665,1.811531805339662
0.2798003494132321,198.0262066589476,nan
0.17879766920569984,3.6062122806245043,1.0565195949903814
0.13000917186234268,179.7653275311528,nan
0.5976866415436987,45.64688499342597,1.210157254850855
0.13355727777743387,-81.00758789526455,1.4630055524395755
0.31874259011418626,-18.418790410218435,nan
0.3254692983775138,-2.579468124283281,nan
0.6721949308678331,205.30254843906832,nan
0.20961223546880592,-65.7030346010015,0.9602019199570658
0.40097764313262607,260.4741388699016,0.828029025021604
0.16560224674360113,-78.17184353826043,nan
0.8660130550556434,-42.47718991986622,1.5187693099623178
0.027317507032762763,46.58663120644681,1.119543138918852
0.2984793251053013,151.595918478135,nan
0.039393273224580125,129.53510625374216,1.6946114186872017
0.32748872568332754,87.284039113539,1.0813417717111093
0.3797782799674357,82.24686493598328,nan
0.7680446220512731,-70.12492335134283,1.065052978863288
0.6227304474190652,133.81453535424086,1.187299191866431
0.045298803205012506,70.44464683414162,1.3947487032281627
0.2505120693251047,158.21982033308365,0.9408684482361791
0.20837030122517533,84.3789911196318,0.9551129898700041
0.22116639280545852,101.35383546894755,nan
0.10150115396977896,-28.73509288656477,1.0765606974380493
0.6959075492828602,161.36462942105385,1.7482191794476258
0.44377597550170267,111.59568647932397,nan
0.18770895278858957,-79.62786711315829,nan
0.5611588330894556,244.04435073365528,1.386031755787455
0.03398784803830472,107.41132038744696,1.5285145519862438
0.18019536561241672,193.91235137834,0.9839087542323387
0.5565351208252098,132.6883903058121,nan
0.4545145465952178,140.22328951559788,nan
0.4023720542429733,-19.808376417917458,1.5032961993189295
0.09948278957694368,-40.814773653164664,nan
0.14605293335673458,71.808308122835,nan
0.9808287901511331,246.14716131200188,1.5312195659310066
0.1574237675955903,-48.98394362953769,1.3324824931936061
0.27529023372540046,-89.91240659472876,nan
0.28963157963049835,14.888122716835056,nan
0.3037012528773868,228.7073333695102,1.0842822359179538
0.5621327918724821,189.35631391822446,0.9975089506964372
0.10134105709376723,234.04207843156036,nan
0.26482656884143146,261.0461607372264,nan
0.8352510985715753,210.38448841606277,1.362173101424349
0.07140420618922433,-12.543131580325593,1.6547853868179005
0.2750559525062452,124.32037771565015,1.2021297560036932
0.02140370144808601,260.2158989949679,1.2117381455468104
0.02680394104005679,-51.40289396604663,0.8941353377927214
0.6583196766582932,-45.26691020028994,nan
0.7581286666383447,9.457899843692928,1.4914985464154182
0.6232884733567099,261.37067399924996,1.1479752458210803
0.31684728931354045,63.38821257337112,1.4582226859658562
0.4067449679117799,258.0580688035862,nan
0.3810927167218446,73.7255696219932,nan
0.422189741699294,-27.955456282518682,1.6898321339766145
0.3126715029523931,202.98884357986944,nan
0.5414925959999048,-18.536640556706942,0.9572515558310599
0.02322989515309759,11.315135283819757,nan
0.19152801684656703,-31.92143782970288,0.7901550223828328
0.21859582602630434,91.10422113649275,1.4866620725213198
0.06953131179966127,128.42349790023266,1.4683425703929343
0.7139783673754976,189.9515465187663,1.9788275200086158
0.0012779733313302288,53.009654220492905,0.9035667859570207
0.09690099507381178,228.3214958554621,1.6823653483397076
0.6483225306624858,101.70119309677003,nan
0.33877657875040945,70.93022695212002,1.2228165101368316
0.3441526794783231,150.2712407752106,nan
0.5875376958434336,214.3240769070009,1.1370906957697922
0.2805636129292775,50.911341298553054,1.6159884163675864
0.4006144687490029,4.143101362985334,nan
0.1230559049387087,177.63982785009443,nan
0.1310386128210811,-36.65951897462739,nan
0.5896724918757028,211.17342161560128,0.9626172535264284
0.3014809630909111,186.32175352767706,0.8030258073602704
0.004169904388910239,103.22379088784412,nan
0.577567346536213,210.98020527466656,1.6751444585481756
0.028896356859709094,-28.33608390014618,0.9907673613430604
0.24291757313546775,99.92158133419224,nan
0.10364311281497063,198.27008188750972,1.5377445254740383
0.028383505267654402,-57.74338631029355,0.9678653804680261
0.3745656800169582,9.25504555370324,nan
0.47475881217276344,-82.82591976230532,1.0707575340510727
0.5626018372159372,254.275367864902,1.1796567808221645
0.6532006884649098,229.7497597680796,1.4337866211668293
0.41154261654230995,252.18540955740445,0.8904459027614734
0.10931086321874933,-37.38164238587822,0.9932046527390148
0.9316420261445197,-58.08739845835322,nan
0.4155107265829933,42.47336431589875,1.1075494182291614
0.4762783503644371,-74.44061272653879,1.596261896783182
0.38915022937537935,30.546475766572456,nan
0.09893676407901884,73.27141759527817,nan
0.7414569704786946,-6.515437687680411,1.5617992595523258
0.2770819248190609,9.603790134992167,1.48994449730479
0.27531988848237565,200.47364216386165,0.9121165403241462
0.28814526754484887,165.19156764940294,nan
0.026932325333994533,28.522509843689242,nan
0.5430388801638787,-50.92170183123727,1.6049335765244261
0.5280004384718284,159.36801163418681,nan
0.655455592185513,-36.41899797727092,nan
0.632603324519043,220.51685198921479,1.7132280220715317
0.9685823828433048,-35.86403916192708,1.1171042972061516
0.969828027830795,-80.37853194749539,nan
0.03438425169087039,51.467475849891144,nan
0.04475867004088924,242.76883867558135,1.1484030358897273
0.23360781720908402,226.41848810775926,0.9809496044825387
0.34430024160928285,193.0599560569302,nan
0.14495864349858784,13.173477782673185,nan
0.514852628437967,61.057560665474355,1.2117395877564188
0.13853100674859456,7.607817358858403,1.5994133986225418
0.9793297564239242,239.90150439268945,1.2252885518240595
0.3824461505032974,218.1873730064839,1.0745936607699031
0.3250281310323974,29.472881566202375,0.8156855556327266
0.32991935261533556,199.80259814649307,nan
0.5922076512042751,19.558398954425684,1.3298050243505957
0.5299923195589036,246.1723434380953,1.0836165448049464
0.48579408914362143,265.3896580665904,1.3879182303806143
0.45191944524591376,189.7217937746359,nan
0.3517582377989308,12.315743520986757,nan
0.8539084752541859,-22.502501048539486,1.6686991154540605
0.7812595372751083,-37.124075110453376,nan
0.3704906868231345,30.96053246218977,0.8582850123864674
0.48042375753402916,7.477864423982879,nan
0.3458280270135423,198.17707376220147,0.8819328165740437
0.6175935259468576,-49.62563299296383,1.6031221682073957
0.23779598392747892,177.0255407611086,1.4881534316053
0.35428514885685136,257.8912041731034,1.900991399430222
0.2765921773500205,45.08949016425811,0.9300067484126856
0.200669077521335,-54.580046228818105,2.041685735975346
0.045881522793207244,-54.60676661314733,nan
0.8925812452681314,184.28890984249523,0.9966728161182257
0.8159084554696934,-82.54478814792895,nan
0.5850664960323759,248.2393585121519,1.265265318415192
0.5297914885753188,17.69295600670393,1.4504629458577674
0.389571110539503,74.37217780339088,nan
0.05369651125013586,62.393234162349614,nan
0.06291308737750295,172.23411023640156,nan
0.4092027380272762,155.1484023171849,0.9302650811320677
0.27075788451016364,239.70172389704376,0.9014693975215703
0.45637100498981154,-16.42508461938891,nan
0.9602365894633478,-38.95792095422133,1.4774551612744324
0.02485263838673396,-13.857756472157234,1.10923278270164
0.9057435103658243,205.11892202829074,nan
0.6391822879417901,149.44534195661282,1.6871333044848873
0.7633467547486237,-15.751915444506892,0.9795481640685088
0.06650280675196003,207.3576342941177,nan
0.6952137370234641,-89.53469084624757,1.0849788496860213
0.7184771658355791,238.48515136742134,1.1892526644339516
0.48943192934897173,179.27059964007972,1.436936524185333
0.35669944901026246,123.39716126686147,0.831902435351362
0.38331276698685324,-8.784576592257697,1.0569864134758018
0.3675891318140667,-20.44465700570626,nan
0.6986835262047819,-53.4249586914577,1.0371739527966806
0.3748614816189908,78.94653075009006,1.7366930369744356
0.4570786919308833,-74.46501422862049,nan
0.5243534894699261,132.9438163450319,nan
0.4539344075500683,22.128651298477077,1.5469710486733288
0.479278000521944,249.6883984341693,1.7181503153016955
0.45155743810724414,149.02343439825017,0.9614485064468239
0.2535902359780982,-75.15649757196701,nan
0.08474439304111386,-74.24834117230125,nan
0.2636953876186576,71.52132189172536,1.4466269119742878
0.6486498132001643,219.07846127308483,nan
0.937332164588692,-68.86808937195867,nan
0.59998753994088,263.39130266552144,1.5385024227301152
0.4056306478946976,-5.142665314192665,1.220635909824461
0.683130532787398,7.122763549029372,nan
0.32277889042669855,84.10971898671505,nan
0.07142658616956826,78.18945932334395,1.1741522202180492
0.11864495674408249,175.00853841199563,0.9472770165956172
0.6694723383268932,187.87180054248807,nan
0.569568957182838,-56.996786598803645,nan
0.8627465029224508,-11.528525743438706,1.0801944903530203
0.3133273128537072,0.19585100097367558,1.9061041390753637
0.6916026210653019,257.68512495665055,1.3120839306909222
0.3416732610241467,177.81579253404755,1.122249675498557
0.8181082939475569,-54.06616849892049,0.8773661991378142
0.34875502657960783,193.8590970857782,nan
0.21619434185973158,42.55365381039834,1.306383441330228
0.5497549787471614,207.48704478654213,1.1946267473414405
0.9104154587458704,251.5382568424494,1.301224356855737
0.2960128386486068,177.3242090645371,nan
0.39534687526440354,226.07950434540072,nan
0.6880374986364483,-2.4966906256482773,1.7548331546276508
0.3751894094222709,56.34012729709474,nan
0.8367054600591672,244.07357793003538,0.8957371621877248
0.28031828701589084,-5.694020684243156,nan
0.6344587480494157,229.50580013811788,0.8087470536281827
0.7066345442026378,-47.05693935682339,1.5082551029355769
0.497412785325009,159.04684669031036,1.4171720792957117
0.4038158501257832,267.07349942518084,2.1459809561435974
0.5617316698953905,-47.33715925236132,1.009845380817713
0.046498195555419786,83.39902689308335,2.0407262580388204
0.7221337295018952,226.94419689040916,nan
0.6355814230074683,236.3364389017688,0.988481840266771
0.9635008693785796,-87.56246475324568,nan
0.37868070880784355,221.33701058582048,1.1749213826583362
0.38876975068952474,-34.84745440249794,1.486930683528462
0.7308257195395342,-79.66405307681222,nan
0.14461222078722552,-52.61816544973894,nan
0.011589884734558131,97.14167556585201,nan
0.25941004054791905,135.14498707686172,0.9306146082938858
0.135523546739289,43.72835073091784,0.7328458100876548
0.7627911118217625,-19.34258124673366,nan
0.8389796025568895,-12.615248729882993,1.579843158986673
0.6723642783287949,-49.181075866945626,1.057581326022111
0.4555487767115558,230.74216030028072,nan
0.23737379089043253,240.17577823297034,1.395405535218548
0.7458458253356656,-69.24619421133589,0.9379479923003079
0.5315768924551295,226.37414514262474,nan
0.28023477634551297,52.22182654923006,1.0010807789383256
0.18010008051336235,209.65406124862005,1.118849421371986
0.7947677677277518,221.74965037793424,1.2780518884229235
0.20352141526960416,103.1738285824529,0.8894761970725001
0.3324848262297438,43.419067713162114,0.9208322568630726
0.7395925874172683,-15.183453463904968,nan
0.13515348977464514,26.785663739305306,1.101095865862594
0.6929781330522193,192.41503165730026,1.6780253441423854
0.12041309314419169,85.88006025949223,nan
0.7586484410705184,204.14940284283597,nan
0.4958754346101455,54.19817371174012,1.4926406043336187
0.3942221887430721,166.9017159389651,1.440987123520615
0.7583337562090782,221.49708099277615,0.9225722862748621
0.2143836240463287,204.09930810003718,nan
0.10075253404129075,-11.635131522253289,nan
0.034264877269151506,104.21785015916643,1.4902377760100873
0.7474023317521554,142.91217240712663,nan
0.5818111155323428,-41.10431762427146,nan
0.21961247273357998,221.23419748779753,1.4491710338128152
0.3880367519022405,106.99065796520881,1.1864003776862158
0.8063093474652983,-84.69846035322877,nan
0.07216708253034161,-43.3528939787528,nan
0.3906389582145786,88.09850786998331,1.1153884155800164
0.03941807275576062,93.3233927807821,1.0598206413450042
0.273829235608291,3.984440660464955,nan
0.5520070734885243,-38.95461788820387,nan
0.7688399037247909,-18.181869999120153,1.1996861412731625
0.8346178986865118,-49.96665395950578,1.619966673923109
0.9312275697195613,196.4562579866277,1.2432019731535604
0.5004812355642004,21.918724784265066,1.19192492407001
0.8794179691969395,-71.39420335970314,0.9275063976765585
0.6860202072620537,117.80540409393157,nan
0.46412345964754353,157.42792603152458,1.3850679955940084
0.27467293534899434,85.72893592361226,1.0678436692564826
0.58663734290613,170.44996484097686,1.3038036155804968
0.16894709646831263,-52.88131424411637,nan
0.11047701034027185,-53.85857741689168,nan
0.5153022908949649,-55.74864534136453,1.9566524441816069
0.036710150579266965,-87.27727043503813,nan
0.5236274356753432,175.0967686080626,0.8610112037676871
0.11152495800318707,-26.65592511343104,nan
0.5597773527631033,112.43882875225094,0.9161250816502334
0.12465660042319639,31.28581770741542,1.3710156719657371
0.8803727227468227,211.61527875828526,1.5653633741235513
0.9702348805655518,252.56895602370585,1.8680523373976978
0.18027349403846155,180.33363796100144,0.9077221474858761
0.3585426299902772,189.3244823472722,2.047205184220485
0.17372822821410616,238.99152176368747,nan
0.6948265080100806,223.170640935008,1.0127925503397792
0.741245776915751,10.947045849880247,nan
0.439307119284745,170.03331613899627,1.2207293740195586
0.9454816581162178,262.370410406921,1.5026435221916203
0.4611703202384779,3.7148770616059608,nan
0.14694290729778908,-51.15440945969034,nan
0.5018737803674571,38.481626870986176,nan
0.21722259052190657,170.58918084750758,1.0628816903645701
0.03294579112021584,121.6798617533204,0.8521396659299255
0.3140485617542408,61.81513967243586,nan
0.12216675993019871,-23.871613418259955,1.4701902065579142
0.6115212907646397,64.79193087716212,1.010508335658196
0.33703131888826077,203.80678179528417,nan
0.3820023327355542,4.0818866896049,1.5635185086502938
0.654314236393068,-21.826791692909364,1.0279097572823581
0.3540454064262405,-61.60986610917284,nan
0.048950148661955684,229.68023024485325,0.9054858907237125
0.2380859602497455,251.5794242351384,1.1495757403101654
0.521324494747052,260.3884881926247,1.416554340510301
0.3883688880729106,91.49036838998185,0.8752387149714856
0.601903001707113,-57.91538752193257,1.0306691388297893
0.1979579471896878,-85.33519734864083,nan
0.27524834201820375,52.69849125792075,1.1555185341176932
0.0621738352310095,-63.195362135767574,1.6575218902034041
0.37212690028705664,119.50189709217669,nan
0.7967230027891115,-30.198600745582553,nan
0.12282078541899338,135.72139452068922,1.3085686555493998
0.9037646195857274,231.98074421681898,1.463133620853359
0.6654238010998964,152.7215510417413,1.0921591755331415
0.47577340288886033,238.92042219496523,nan
0.42855757638237013,258.58195432571256,nan
0.07145727960646692,184.11007837759232,1.4870198376748511
0.7006332808785597,150.60286588862144,nan
0.5250557522474051,44.37129755353672,nan
0.7037617604609593,-87.45685802385125,1.385131645591122
0.5254173660681207,177.36833457851634,1.099562245769212
0.3683938330326341,67.57177281567853,nan
0.14108025947505368,-15.609760724740063,nan
0.8890884343967385,-53.75352714854485,1.203801564528596
0.20001016167572583,170.37033771050716,0.9717486953896727
0.43128560007433486,-44.46189702439641,nan
0.521897020159823,-29.88200212832732,nan
0.24468137833499515,201.08641536096647,1.1685583254865968
0.5959201240378962,237.0252691941661,1.5224022756543107
0.2557871769136706,-22.60811000538655,1.223182990893849
0.5153265106351148,1.5632515210170936,1.0511723232600523
0.600615253869846,-40.140951716647386,0.9061448730559284
0.6090796610741779,-26.998351976581404,nan
0.1721811184883547,199.6783774104228,1.3495189319961425
0.11789023255020925,266.73999952718185,1.2076813180255495
0.4583343740623275,185.72758446780628,1.309460773418144
0.3555737630748615,204.02894623846504,nan
0.9797132704471689,-54.85411852080264,nan
0.22916368705021223,-48.53914736116735,1.787112268006212
0.013836100126857098,-55.809538902070805,nan
0.2036379784672584,213.61908115613937,0.84938590269044
0.061776438391460964,168.79565271456332,nan
0.8193570355061124,-55.02895747420379,0.9505487929595663
0.08920567399385493,49.36098159586598,1.4618517694417805
0.7312436764730313,205.63853469733752,1.4585178259545606
0.5558226940913806,183.4693717506533,1.9924257249206456
0.305668327111607,226.05117546127704,0.9381578985514755
0.6435213131423005,-42.830859246602124,1.9476630167626834
0.5059226152710536,183.89707398596582,nan
0.7383029267012918,233.8832220827518,1.0440026778108833
0.10994211123626979,7.2291587318135555,nan
0.35487515852920026,155.7710511023034,1.1876660946981417
0.8260447069191246,251.2340825792533,1.4398002848510782
0.13091958919119517,-76.31021247896037,nan
0.1769532683082763,201.85437556757773,nan
0.9309489784578895,-65.83462716870419,nan
0.10488583926984088,225.96492081414533,1.0760122791430002
0.49838520947579096,-6.5957319778937205,0.8773402881786346
0.3242353014233749,-84.23957950829254,nan
0.039081978868903494,-11.309305523691599,1.5908214107070857
0.8586491750551566,235.67755046663314,1.1298716751849667
0.5510307779001423,-86.06374435021407,nan
0.7339056354665002,-8.94516559850998,1.5713351577315857
0.41883472416092193,-74.4658670935616,0.9918588346012402
0.65458874957417,-62.65113326562323,nan
0.0574797637462028,237.83945710254332,1.0718581893142183
0.4191409383426757,193.82915560057722,1.0145954846047607
0.6733763260230132,262.95835896338866,1.473968774350855
0.2850544824776929,245.38207641646477,0.8811758508744381
0.5718875306541371,-55.96000667529135,0.9555660613389533
0.2928490728241586,-28.340536843122578,nan
0.09057086660850766,116.8064572726461,1.1898033348639048
0.9354694433079499,211.9512379283487,1.7311077556930436
0.5148086364747737,18.787842745316937,nan
0.86908696583885,-67.52928444548422,nan
0.12239977939066082,31.30161035861147,1.4220874545272306
0.46111551691301567,63.769350630726805,1.5122150373856174
0.4212407698643824,176.25012019921073,0.9389890624110397
0.07930324649925002,13.12156449423436,nan
0.5435696985893734,3.716742488573175,nan
0.3017378319149018,267.95868932479715,1.5373523750840807
0.4495039015214947,201.62040068277685,nan
0.23963931453422957,5.964954342386079,nan
0.02992391798166695,216.1601702307376,1.4753264501250052
0.5625964181997047,228.54027694416396,1.2273852798798475
0.23095858844904893,-29.645793294974453,nan
0.10977182828707355,260.682140747435,nan
0.8412562684400033,-54.14682388882014,0.9662661044847044
0.2035417756425766,183.51292252952726,0.9040807377427303
0.5200083284134839,-12.663080397514577,nan
0.15502302271873453,-23.02965759675011,nan
0.29796471999756796,179.03930600278656,1.1452403978349832
0.8106255632213277,210.2495334290826,1.536047068701286
0.5692091189018684,-50.69928740064758,1.297354866849492
0.37868598668455,-83.3481493759822,1.1196974753535829
0.2739817020291327,37.54393946614124,0.8418536680938687
0.355899028226521,-77.21975541119463,nan
0.09875099645910025,268.06842345056015,1.2674971144541698
0.35560605490976294,173.55626715904194,1.1866063745941715
0.26087597447811905,116.51875650876318,1.2863139973944877
0.42447962313968945,142.81263956446128,nan
0.48833120823122195,33.558505571586984,nan
0.30783094999618343,43.49277959693815,1.81708418083201
0.09939405350121183,-30.565154929951987,nan
0.3506705705269482,269.2000857535298,0.8706856563448081
0.751156516404174,71.6382394693384,nan
0.4688459758692044,47.23618847233604,0.8317927541284241
0.13709327149452197,82.87424969836282,1.462900229072784
0.2059672963559479,-37.93216443638124,1.4497810444150898
0.8261605978290475,256.1438407113262,2.0245716445701127
0.4038478223417865,47.410664243187455,0.8725067177785134
0.044999452758851866,-16.72278099032212,2.0497816972048746
0.17623145486024422,226.75346787410564,0.7966488001062826
0.310873985119997,231.33311694940355,0.9594353559428612
0.2179544097025275,85.71825246925056,nan
0.15809425931982213,204.24641298270558,1.247664373654952
0.5643059213214424,184.51754335267668,1.4299644173536845
0.32343731742636733,-85.85107541297396,nan
0.1524503010403619,251.91184518035203,nan
0.57680177535242,10.894713135509306,nan
0.2472878648441741,131.05229677980623,1.012944181749578
0.07665484960973284,207.26595139064997,0.8488725419715646
0.18708845121813633,25.946719676606065,nan
0.7047039379438245,228.62987886959246,1.5113715098847798
0.27965064079537005,65.01509936904566,1.0729469953369692
0.9862934423189654,-45.178828812769694,nan
0.22645038718359412,-0.4675698812689859,1.570838536993935
0.24949335885245555,210.63137973120322,0.9208025913490588
0.6944181256246136,-81.01739214212327,nan
0.3135529731255798,116.49636541780023,1.067182315514707
0.6049597120050358,178.33249097209358,1.1423148988630265
0.1831183090481944,81.49102926226996,1.308252105514421
0.13095383217815043,89.88369896897626,0.9069948997817927
0.7883480653409349,-47.51871198625877,1.1126214157090566
0.2849786394672922,-64.72276880093085,nan
0.14091929994779398,45.8436049281008,1.0066274316061001
0.21443411035611115,120.56323752188601,1.5652904430887944
0.06950337849046095,-2.6887340570860374,nan
0.4327059290399521,118.83344898382799,nan
0.2585501904427145,-18.88952259577789,1.5454915599187757
0.020113283066888643,-46.19338206956945,1.5645077548277668
0.7350550843036177,197.83227256231876,0.917184726368662
0.42710240380773706,-46.0557898731151,nan
0.07956627690760187,-42.4833638650488,nan
0.2311048820574101,127.96036485081032,1.3776070734352945
0.40059085525249394,195.1627323074814,nan
0.4729297595188487,-88.86867689580566,nan
0.08622859502894081,237.56350765577992,1.5755274391534806
0.5248824326093773,179.49994492088172,1.0856817611586684
0.44714879542097036,-33.134387460114446,nan
0.0030988991992282576,206.67058818130184,nan
0.7077120986532521,13.238847223789833,1.046799340141151
0.20601687570581878,58.22831587906021,0.8938345319065755
0.5530132238167309,238.95600944936808,nan
0.11100321306326773,52.981885948936835,nan
0.7825446764410657,206.26549503653095,1.3370025313140896
0.10799199334774541,106.93266264711328,1.6585614686808705
0.3635752206406726,209.53926629195104,1.2422077022923401
0.13883449588836996,-28.147002784078374,1.123217650324098
0.31817146873527014,108.7067240726496,0.8348219546059011
0.7456574021083004,11.47322921579049,nan
0.7492399879685199,-8.048446668524095,1.170825468684761
0.06746919915833977,258.63162798077764,1.206050230997976
0.2145664106279552,198.4199649356988,1.318147053094851
0.019087675541147903,218.80654882592535,nan
0.4855165029531245,-31.46808998254673,nan
0.3246385667407953,-11.677320789622627,1.904191123743927
0.12801866497809203,136.53601045780454,nan
0.03230046576429907,260.3368683418988,0.8461299020607171
0.07698699302612882,86.3396598902605,nan
0.8086415000976075,-35.887553518066625,0.8773785634842006
0.24007878413198513,4.0695161677469684,1.4830047466819194
0.1403098344554119,3.1935227369920938,1.4144219180189057
0.46174642904839197,177.8757966031883,1.9464124502047881
0.48580995944979977,-11.991501399832416,0.960103203430541
0.2925646884612806,-26.79617262359892,1.8691589250901932
0.3183422129142303,119.55241146658905,0.69229643838295
0.5003732314258532,245.3224351788468,1.1050119691845472
0.5242657223486751,-29.00881106661442,nan
0.0971958019523162,206.1264266355559,1.316833370609349
0.31317220367329673,244.04319906755782,1.5002161320365983
0.14050051267354224,-43.19146816251046,nan
0.5929233244258414,251.3870425239135,nan
0.7000167955565522,-34.254514893291386,nan
0.3307637375306065,181.5241365166013,0.9585656852329939
0.7114732270251223,190.19947024025205,0.8880871085499398
0.6967781363595693,-30.53931473979035,nan
0.5735210230171712,176.0258268598634,1.6089359068164362
0.22423240874224015,-64.95402552294844,1.0396046196558253
0.38504740739103854,241.70610487780937,nan
0.3242549269918654,261.7263890503203,1.5819353574040655
0.14463686766380218,181.81502286240237,1.0909252109910925
0.41483560908400824,127.24946220593024,nan
0.6628369856869829,265.07456809244815,1.1064926415822185
0.12499915476917056,226.73811726528913,1.1804667103546387
0.15146878580198764,223.91790908259594,1.335638663833224
0.6338100553810464,24.4394956212916,0.9634302349791619
0.5894196980137155,24.900039879305297,1.0172559496329012
0.3604054706832569,20.127197079858277,nan
0.273316704609312,187.67884375004743,1.164304982537034
0.27176103598397894,106.33072267229129,1.7140227221413984
0.06776021704409979,-51.4740810244001,nan
0.5651181216270346,8.9990438527077,nan
0.002626159940820272,-70.33461644324564,1.4653790441726893
0.7060380574943605,59.837402567991184,1.736222971633613
0.396533181920376,108.90645402009628,0.9244818522874926
0.44448303006192924,-29.849674375069753,nan
0.6190428280519731,34.21372185912034,nan
0.556393817106958,235.09393630496186,1.4738451056941186
0.49304367099251717,251.03498372441317,nan
0.7963409613483452,-86.48837729848253,nan
0.4718588862151797,243.2636843133732,1.4629037271089476
0.6250398370278185,158.0589865008302,1.1919975604927266
0.1687889475361759,51.0641911819346,nan
0.5287218383858799,127.40780500521714,nan
0.5006730682341347,-11.441211360535192,0.9298281479821491
0.16722068030058873,164.98585224538624,1.1106465104778673
0.6824189571882415,188.28304726301616,nan
0.8340279767165405,-73.96111418293938,nan
0.9776863000617424,259.95427036874196,1.153024640078305
0.2172799472316721,101.8425769210703,1.5164155255419438
0.4559748385334198,123.43125215728381,1.2403972891742954
0.49345153834385747,110.46583924434839,1.1834223792005223
0.28813448069225334,-36.15865862064892,0.8657337170493409
0.2709000529908254,195.78694234972536,nan
0.807201755244996,220.33666445431925,1.2556606341736483
0.00043604939413699473,117.54745301092885,1.1245548336345812
0.26704735638175353,204.90549442046097,1.4100420762494448
0.9136964590192653,-40.85950430817741,nan
0.5865101460978915,-30.854347826414,nan
0.21192338616339493,-15.092475827404805,1.6780922113440657
0.3695588716881888,233.02359951258592,nan
0.31175483103678364,-27.19561316380748,0.8344484957449657
0.01871549948609863,188.4329748912638,nan
0.1710473964022852,-81.96193899095942,0.9664363785268686
0.012610157346375217,-64.91593071499264,1.4979536843461208
0.8832639369668956,-47.8483938565944,1.5656388889157797
0.7243283515440653,-5.0142965274933555,2.0561195679817392
0.5478630939103357,-33.038951002947215,1.0391094852938103
0.10078470800445521,67.80037228370604,1.9208575820740863
0.520916523099151,259.2801600395445,0.8049768105514553
0.3097982723752648,218.43675558285562,0.9731047576911734
0.5647353358729895,54.79989603338977,nan
0.34636999372017113,229.10138386993847,1.2443902327193328
0.494664017327221,85.92303222427165,1.6386224714169189
0.11012545919699157,175.92673921618126,nan
0.6248448837418551,192.5630826939013,nan
0.6134633980905269,-62.766890636939095,nan
0.5380278769836198,100.62945726612226,1.069970856076518
0.640789947308977,205.96050850266067,0.7780812610609579
0.5400060853561268,-2.7694655813706355,nan
0.4675551233691403,149.3039168827497,1.5450293400466797
0.8247835691479888,201.2218599607131,1.0030442069082952
0.4329300882418522,86.68005536390761,nan
0.043871701738175894,182.1021736852912,1.6990612763603492
0.8254437268853829,-64.65577320809155,0.9886789308680085
0.370143717247968,245.4867599198318,nan
0.5262431435826767,199.02043898191363,0.9850241441229276
0.0896520096399348,206.14816197581735,1.2347620693969872
0.48573683068340096,166.06277844398022,1.332237624697877
0.5211854034317388,24.97110143271985,0.8258348912813875
0.9377018640989817,-32.093289736425305,1.0284792373486151
0.38447316322727093,128.83019039052007,nan
0.8575092749248945,215.06907450864384,1.078411658128966
0.06376829732640907,-71.93160926023627,1.7916455920727845
0.24592667778830962,38.422884972244944,nan
0.3949360016696835,75.92811576722895,nan
0.03469338985577425,-24.814915284270455,1.5693088892850615
0.37318219440988676,54.502000523257195,1.7521929919579593
0.6354318148204046,-51.375193864175706,0.9528860943598674
0.5402009908796117,123.48398761133163,nan
0.2515505009332325,135.477919814279,nan
0.014326539289254758,122.85578347989447,1.5063551047578279
0.436020016431408,234.87093704508948,nan
0.5056760962359185,-36.63717914263431,nan
0.1572991798712804,204.50804633628437,1.5737886885453358
0.2570498792386866,-35.267568707301415,1.3264938493172722
0.12646854145554637,165.45201215100388,nan
0.2325359160599038,120.8137067586603,nan
0.4679448706273681,39.696894992920875,1.0560696724108622
0.13762753453754456,-20.239133753351336,0.8820840380928517
0.9197100943885155,195.2544234387951,nan
0.8303666117724838,-71.44394299300296,nan
0.24285870028973577,166.73890241691342,1.222067506425888
0.07003041544855726,196.41280699151642,1.4661308609081294
0.03621326737835551,-40.33635392165962,1.26004186132156
0.18302532534920463,30.92499604631527,1.0490524296744372
0.6773170036319439,-77.49553355122204,0.8806288638297035
0.0355307818590318,168.8964742270006,nan
0.3214040392174562,268.80052934230577,1.250627931973744
0.24137533018973908,164.65716104760176,1.2517760258701571
0.41800391430528666,154.65225414916068,1.429617581500888
0.41189110293546516,1.4050910100708336,nan
0.8000901744045551,-80.676716187054,nan
0.35417194785971573,148.34367671882057,1.8810881625405709
0.6884983451164973,196.61931301778594,nan
0.10734228605726243,-37.48151988594303,0.8759370992927935
0.49803536453056785,-67.52799709362466,nan
0.5334725675434032,181.27201239559727,0.9608262433929966
0.47935982265440347,115.98869735254121,1.5677984497423445
0.47165263382407474,155.17350694331284,1.40127679179564
0.8241069332889779,-68.77008012614681,2.223805936362619
0.6262190287720831,-31.71181384951481,0.8524136540549148
0.2815978921704654,147.17845996598373,2.0128188453230362
0.11799969251725839,64.03400436002059,0.7891684847612864
0.2266043066641823,137.9060106437631,0.9423427279471208
0.49815598986449466,25.821375778681784,nan
0.37284296864929184,8.488090279244844,1.1544668000442873
0.3100668920025108,-86.61928457574328,1.5204685772397468
0.10439879351423316,188.29127187957914,nan
0.7950919877765238,265.7263625362122,nan
0.10784865453770787,-26.583158713651528,nan
0.020615263561159315,-77.59902225006142,0.9936812289150628
0.7783916054414206,162.36332377349532,0.7328512765534851
0.27328081338467247,45.58218943672969,nan
0.04148085357239008,20.59094800644334,1.3571717880494998
0.016068072441836785,210.40628049280878,1.0909349702995474
0.07590217345522313,76.17137835689408,nan
0.41076809225939204,46.14111578872066,1.5941977922768829
0.5839046319337953,-76.58827677829609,1.032347284775504
0.9217799754718552,228.26818835450726,nan
0.4065997498569393,238.82701008127208,1.0514264311462143
0.02303574808547345,188.3215055836866,1.1108514389648803
0.6966245172710022,194.06186167298708,1.3102875714964195
0.6960022293848617,-40.528354212980595,0.940320794789022
0.29804325916229335,-76.06442840880771,0.9514563687222113
0.3797739129040164,156.8463938899868,nan
0.9081944423920669,201.19765235166378,1.1233950063643838
0.135099350187165,32.2802134494095,1.7586346035092322
0.42424732463474607,-89.02913527739571,nan
0.6139640405249365,198.97950223897968,nan
0.4952337464577431,262.7756025769211,1.4843644653914974
0.18766682178074118,86.84735961998206,1.7211598590210442
0.517847716377007,-23.496926932802232,0.9911789238432779
0.8074425781780065,-65.39475932912865,nan
0.01829966774121944,90.71255538363584,nan
0.4251145620193321,248.81593623283325,1.4237886295300066
0.6902945105601508,-81.9948336911616,nan
0.5785042919402544,87.2455826031294,nan
0.2815999678556264,-0.38013633840107275,1.448095207626016
0.06537755325881811,-25.90532942283268,1.2247251691031382
0.4859944823988669,115.6882265768516,nan
0.3856626216900122,174.8081591755298,nan
0.18755512188953216,-15.111732529355091,1.134478825628357
0.10850968638745924,34.457898381847215,1.035561174267128
0.7380982548692685,230.04906288856117,nan
0.041453776229246064,17.637642061824323,nan
0.2023409739822143,117.44809773956831,1.1202626480829725
0.33383227374867513,206.02356294158005,1.5577474477588833
0.4916327647637335,34.90178213415152,1.3550407314373403
0.31236248814162737,-73.87637182614841,1.2185070202110233
0.7512948930481945,-67.87484282164904,0.9606851497425791
0.48838148655689056,-17.80746301940205,nan
0.3031319053265805,132.5843095288489,1.3545175303319785
0.06175127600931363,136.5109589568153,1.2435168003439827
0.5489461031515154,241.44480103935666,1.3412653887295425
0.9022063347187137,-45.16274464891805,nan
0.33153724149765357,149.33738710405746,nan
0.19009261794694865,73.1361595472261,1.8802605477783474
0.8222607933416997,237.44503093094588,nan
0.060132329460088285,88.0393299028592,0.838346274957067
0.3890915211527994,46.303836150784754,nan
0.7239823721333227,170.78690940231218,0.886119217111788
0.4253268158958501,197.81445344820253,1.5808976354355528
0.0609324486784798,-43.92886347470812,1.5491652512805594
0.3181239058206361,-76.04126017418632,1.98952192993936
0.4273460573797898,-77.66259678218927,0.8954658271583585
0.048370417622954076,57.161465078013414,2.100599628786246
0.34225607214511755,251.49311038839662,0.7573623517136159
0.5629740779343453,-52.06982601249359,1.026614214608737
0.05853203535960455,171.28190887142762,nan
0.5374048193440257,5.992675889018026,1.2175292883708808
0.020079752114749105,-36.3578521993408,1.526325204074869
0.7073839192664695,225.50364985126518,nan
0.016727801616263638,187.39829005661642,nan
0.3468945836064925,-50.51801572097228,nan
0.0914984647688163,193.0094949356857,0.9759283685981025
0.509298352530014,222.48294525256023,0.7887857859274012
0.4931519776741323,-23.398504793883966,nan
0.07544284905124615,230.6086174310697,1.4153990676450858
0.4718879785270043,-71.6967552662548,1.1122842181910562
0.36744991725855636,17.174115090375693,nan
0.46395887816799647,12.509959963542364,1.512990108104422
0.609235207557923,178.4515244925558,1.0526598903422009
0.6894962138089189,-20.707876677059403,nan
0.15264130757618,121.06340946447934,1.108832421106527
0.5479497967863021,144.6827103042707,1.107766653817263
0.6385150857076474,102.46299464116996,1.5023659057583654
0.7906966787821582,-13.43065474703582,0.7921173193514373
0.4127508599553299,215.6565835757602,1.0382398621694475
0.36104098760185227,-66.69598596035266,nan
0.5348285055140699,77.95072252274213,0.999663631349028
0.14078230875785971,223.33359059318857,1.5457271730206863
0.4275516933412356,-10.13076953100969,nan
0.5971291680240911,163.45847108754248,nan
0.5391639607191643,266.5134626811697,1.5852969380237125
0.7538422375589134,-51.67801750806086,1.727851559036266
0.03039259214986345,-75.9985490708881,1.1112904683762013
0.3487930182913037,54.19068933047393,nan
0.1502245232205494,249.17719923985354,nan
0.37218912164685225,220.89221893593682,1.435714682105036
0.9750854219402878,-50.58755163432423,nan
0.08897788572633761,163.70045634948912,nan
0.7166645537079989,224.2457915227347,1.4599774932674108
0.15899041577028117,62.04754683897599,1.2294859913239666
0.5944175593990878,214.01300571640635,nan
0.003244608769162549,269.4626469494027,nan
0.3319525684777484,223.84304779173618,1.138366439484768
0.28008250315323224,49.54890073544678,1.1676314326590886
0.86786782963728,198.7736938104509,nan
0.6133377291022821,25.194681150594434,nan
0.21469744872752575,208.8513391115166,1.177715592958657
0.048925913533565124,-72.26636691587314,1.6864722630021238
0.2845625810427972,48.88055142771981,1.3008674627881354
0.6424557303024372,-49.65958231186954,1.1755790151588226
0.44875833944817345,204.1078902413103,0.9639207435146468
0.7894251963567802,-36.02054120400079,nan
0.14895328328651286,232.33063721597279,1.3355705474380608
0.3837796939258446,193.4288742570379,1.1883404374158106
0.2781856922043461,218.36571774649775,1.3636350676585482
0.06636699536075502,263.2163667948073,nan
0.3313072036248026,80.60883138473304,nan
0.06669741850599814,-43.667919368432536,1.9436145277702153
0.6725041949303077,-56.947716613795706,nan
0.19748730862589237,54.17072192050793,0.902520716965404
0.5223318786969492,-28.99562367113731,nan
0.7108225668984678,266.9409667424423,0.8640621975240262
0.6621769642265145,215.93671136911183,1.7039209009306793
0.8180025281814931,-21.75186194719859,1.4162928336198282
0.20170820843995219,57.41877684417021,2.1583830978616785
0.5355041943652562,-72.13677953876454,0.92839481435012
0.26074691130586314,203.15536880342825,2.1519658379398177
0.4999760100326766,230.22807989679086,0.7791894480786556
0.7088935220261761,-88.55553564038021,0.9791530609021712
0.16534836863030467,13.297497893929709,nan
0.5210464827362543,207.1818502363206,1.1238892491343269
0.09595379579283755,150.3292625853407,1.4832987185492323
0.47964546959686477,258.87257745151044,nan
0.2531636445432016,164.71301456504358,nan
0.5326834955855938,154.31433981327476,nan
0.3134872019401971,109.15069970715993,0.9305323637851617
0.37050596608224584,-38.95200102927831,0.8047638360367353
0.5284187499192925,54.12318466291725,nan
0.4113445757889629,257.7684830599665,1.5037670855159582
0.23871390297398914,57.016631054784774,0.9876891542600608
0.060188770570610395,-2.0309463152798344,nan
0.628822861044139,-8.485799497420054,1.8568002793802378
0.25875253330159065,-25.7575790540115,1.0254181849989403
0.5783078684463403,5.590724148907778,nan
0.22688640917764621,159.43439890606396,1.0377129091671558
0.6999825215731683,257.1239438878791,1.0707123709629218
0.3015932463865533,236.3602384687508,1.431377224207573
0.2658184715846275,190.65085294028188,0.8727412562632809
0.5599062032423534,194.83763648482193,1.0559846836499656
0.13635412384398715,-67.13809338165598,nan
0.08780730861235098,17.113030831448697,1.015413310625027
0.2408671862742479,126.34647563652193,1.6420592629595452
0.30597805193626454,-36.610421018626596,nan
0.6106609614219121,262.995311366987,nan
0.9258719286267996,258.1861956895243,1.5329227852927758
0.5271550554496698,-14.761016285311626,1.6923559178969052
0.5828311733584087,191.94375452508194,0.8044071692819231
0.6391131002721271,15.998779374892713,nan
0.17159091174048863,125.28014683876484,nan
0.21848300196045867,-80.82406971491497,1.4322663310857942
0.5868622046965771,-77.10413664535712,nan
0.06946696628638882,132.97943666893812,nan
0.6987203991042812,118.57636977528463,1.451015087026928
0.008245817311076764,209.30828903881752,1.0993292050356238
0.08047537295674073,168.75833386879464,nan
0.4712897988558683,254.59471726167325,nan
0.4995095389615503,64.43660328621039,1.1568348125623829
0.04951816423512087,56.78306457911622,0.9838164733775143
0.27462724466901534,-58.52682494284075,nan
0.6475733584245644,181.4036035168022,nan
0.3279053198841037,157.54369120761982,1.2278923717521126
0.09714706765053363,172.8746482343288,1.6307502001460188
0.007485193632049636,10.464178607705207,1.278986674949954
0.7077428808038322,-1.831968553740598,1.0886363869200255
0.04967789609955313,-26.508643552293165,0.9813626519153741
0.42574089818842165,9.17352615634087,nan
0.024883216741017233,196.04680924581652,1.2268701734175913
0.9349168499090902,228.08391503345314,1.232051118891368
0.40648935721131024,256.91952588435925,1.3223232698656855
0.29922041716237857,117.58693447530023,nan
0.50702349768708,216.91475794384309,nan
0.3580805632455967,-18.221440841398277,1.883250584945859
0.1885014855689126,21.96452647737172,nan
0.2492760909164773,121.71034869773369,0.818926590379586
0.3625556486715471,-55.480084163044836,nan
0.41077479797878713,154.59673316806703,0.8263100336050786
0.36804550591774676,139.27124984105944,1.416316929971022
0.7233685322692345,19.61936668575774,1.3691427484173795
0.35179613171448365,162.213285020621,1.6735085429809453
0.8425893817936033,-59.749822192101135,0.8908820666109117
0.19015990245101133,185.7316537328458,2.0189291418795245
0.45899309931435117,-40.898851814307505,0.776223803510519
0.7749869719035093,-49.19958387125279,1.005657333921765
0.7236906454116947,220.3171552111856,nan
0.8538195206247539,235.46233732284605,1.06819179208082
0.012064284812638906,115.16281952757271,1.352163375649863
0.2534962263543869,25.411217901205504,nan
0.6257415649925799,197.93248019864652,nan
0.02825257652403781,91.04815918692469,nan
0.46379653875111493,231.42231545147308,0.9641984848833539
0.37487649347299146,77.21036646182924,0.859447041861105
0.389885371145129,85.7556474914725,nan
0.2604645866544135,74.16947113787398,1.5775433442634195
0.32738419028422344,262.3205266530463,1.0046964591182532
0.007584792028005827,184.97234401349118,nan
0.27495547782468194,16.98734627050898,1.5226067558260823
0.10675289589863368,-1.5542108104255021,1.0232251651283735
0.4903685208957836,9.39411504005426,nan
0.3390006157200759,165.7578340509458,1.1615221701395246
0.997845919402651,263.29737704697084,1.01194687965792
0.2546898928097113,140.3825470622901,1.3952688879832715
0.03211979302518597,20.771100234252003,0.8548103128949784
0.5824201301867532,151.802898830758,0.9905878982009404
0.8965464899566473,-50.92619129603615,nan
0.22718631337323764,28.57619496482708,1.019434054919963
0.22836534633648106,160.24014269172648,1.598979447727523
0.32915699984438407,109.96023779201484,nan
0.5259813164905337,170.65964801639944,nan
0.7019168630357102,21.627906046364842,1.5212529759329751
0.4257430999061072,-4.440888468967852,1.7871989379795108
0.030770643508951978,-2.114905333596681,0.8996782639694006
0.7946150197723028,-89.7086716479651,nan
0.1038332400043599,182.45996649756063,nan
0.009322634600084923,-67.76118568057788,1.5868946066257474
0.7121863494852823,-48.89564509884313,nan
0.07416293250965675,165.10988010803655,nan
0.8392058203785437,211.5530509858118,1.5668338147715732
0.9641397404170033,-57.62017323648074,1.0370415572597746
0.29227167633373774,-82.44888959126499,nan
0.10743267823620511,81.34071536157111,nan
0.03489189152743733,125.26374380644984,1.2164836819845348
0.3341882776853873,186.93527322490056,0.9696907717857495
0.09265107781746967,-17.436015609817474,nan
0.5281718905352879,204.3114961060301,nan
0.06496062917474855,159.859357275297,1.1437663760747758
0.28970280438676616,145.34736067565225,1.5489498367367327
0.014894131551979384,198.63946155793576,1.2928629682676915
0.9393756971382126,-36.809240420573076,1.1308993135513385
0.6270609270931864,-50.98284257200875,0.9336011137745427
0.41791627165399486,-37.054770030123315,nan
0.5458823206879528,259.90866000445084,1.2826927476264922
0.6744178233814602,157.1970988904193,1.2485189852009564
0.27719000183585907,16.28597679347655,1.3318613942949267
0.28027196197093857,217.10043091820185,nan
0.7991493805171275,208.68642932929495,nan
0.8510034044257844,-31.399439288343356,1.7563658005531533
0.30746081126196884,23.72643834355766,nan
0.23967291851351505,60.95941288123956,0.9581711951843819
0.20152872099250696,-48.98269253200783,nan
0.0948855803821918,201.91314180378873,0.8207872352714092
0.9536612747683133,-84.13717062011375,1.4932562383345955
0.028957536967262137,45.315676469025654,1.548734502847496
0.04714191093497605,-3.8426180290411622,1.8494069788568426
0.37922123495425725,140.3667190826405,0.9946098152120519
0.0875284265259654,152.55429920546823,1.7447329959984637
0.11947297823347386,100.81223273005469,0.7747368076271917
0.7410670773187851,-25.481976708100454,0.9681821655903474
0.42916331175528183,152.44217310500954,nan
0.9069647959040462,222.1716654180268,1.1383631820748743
0.4904022830963397,85.89644176202617,1.4879962945129661
0.7473996626734367,251.58696871104564,nan
0.3460984938959238,74.51219530515417,nan
0.29026873088308686,211.67649757358262,nan
0.07184901590628007,63.4779801658368,1.0073738714058422
0.34764755456270413,63.77652547723886,0.8070560721817308
0.662042504360325,264.3110117918049,nan
0.050338776455230716,112.53935576089825,1.4161807114454312
0.7077107243328021,200.63873008504672,1.1168042488302667
0.03867056727953938,200.8454348116206,nan
0.5432042599417448,9.085315340633116,1.7311024926890393
0.28451870815879554,119.37134447828925,1.0904950553650197
0.3736245816499547,7.752236262811465,nan
0.2717387647458843,197.1932849515016,0.9597454838804788
0.4344846815064707,132.37599249992616,1.167298161647864
0.09608430133653884,-25.57173766136441,1.4822821259375087
0.22097660880864672,-57.01627738729181,0.8172638247704661
0.41803287947563117,177.02875010401232,0.9497934027124544
0.2840731630902814,-37.073244516258065,nan
0.7129477893263605,-35.44500898266756,1.025995220269102
0.09317041291911957,222.36447030274354,1.6780670097835388
0.1823141162593056,-65.31206253502287,nan
0.011088057594251133,203.3765565678852,nan
0.825134731316303,-10.741600609919002,1.428906551442872
0.08621065748747653,19.005726838802474,1.5401608002961846
0.13528168743004942,-4.182566279013336,0.9510670496424467
0.38991044341089454,9.635436432107836,nan
0.05338225618719922,122.06800695057353,nan
0.09356422909574577,1.224273355368597,1.3835075229471963
0.4222945374368655,211.2866534047257,nan
0.5255327649419975,248.2838047685427,nan
0.5365761832967225,220.79833582570018,1.5792660601034927
0.5453908049626403,164.59354549440178,1.1626349619961636
0.3935851402567189,229.2913249985367,nan
0.29012698047580904,109.66863359313011,nan
0.06287695714358196,-12.733577210896977,1.0599792362527518
0.06725688564638,129.58447025042338,0.9287387784230964
0.36923970082722657,24.81597493187322,nan
0.5663502499343462,205.52388106236444,nan
0.3113094265756345,28.793883905290315,1.1973861316836156
0.3051673754806606,127.95623419585,1.5761819748354253
0.14362316645162354,245.8667164531583,1.3477935976065971
0.6218823330783604,-14.540546798630118,1.1239491021223353
0.3480123342198235,-13.39236022339773,0.9023758771744406
0.563950890275994,-35.046877397643094,nan
0.2639609945043765,164.00458609353015,1.1384203810392932
0.37197681627229134,195.43604053560094,1.1753324690250189
0.06491103582769449,129.35141078152557,1.3301815169725897
0.2140634507408256,-11.89372745852566,nan
0.1358544620955514,136.64258120302426,nan
0.5231502854258772,-59.47554664534054,1.6519713643157623
0.5656193178364399,183.71293569984232,nan
0.39831657132704457,73.69435210745465,0.8160312554890494
0.016572043737687392,13.878189655937021,nan
0.06277545773718268,261.7733118651087,0.8345824108160191
0.6452091862151372,-72.32332523955387,1.3993658896692451
0.16808237138387827,191.58973862324677,1.3762677736662923
0.08944521390410609,-14.57541561865682,1.7963601006239387
0.09127053087642956,-86.72396350723224,1.0046377981519081
0.2205410822699777,168.74492448070393,2.0525244699171195
0.49362083474186835,134.3892122774506,0.7706776099308738
0.9019798224147741,223.23549787568888,1.0545550221949114
0.19844314387326642,214.4690129549328,nan
0.6086989808622072,262.23578147305375,1.0989180238066076
0.7190029898730009,227.5723072111137,1.5869464187910953
0.5653741649542564,187.20381889581483,nan
0.009535692508495286,200.95894895083296,nan
0.6955044376197501,225.92116075133342,nan
0.22046927738263317,251.0699121671483,1.0708402965228991
0.890864415518545,-65.34504210775762,0.7756263339599749
0.8781712975613483,265.8967174305499,nan
0.19286114044284092,-85.41393820164504,1.669598463860443
0.16552348668956904,-85.19810759686601,0.9832740149734188
0.8589914512232814,226.72334077850263,nan
0.6927439252774178,181.86552906101466,1.7253186988472529
0.3139803737975655,134.55763110528517,1.044784179912505
0.4360625925643928,-67.56142218251463,nan
0.44070431747110783,249.752890606641,1.018636401468347
0.10512690040089934,245.8422514689599,1.1298150085862597
0.15640592696859495,191.38877814762145,1.4816347057959893
0.27939798017356066,-33.92386136252688,0.8410509499445824
0.11503601646867156,154.3302522937874,0.9951420945486377
0.04560300869723273,236.2409498684133,nan
0.4751390179394175,264.74927649208894,1.0207219371482956
0.4518123450891355,-74.51745995973045,1.7018577128477739
0.09719907336884742,-62.19017236815938,nan
0.10009126167976452,262.2135248213932,nan
0.523096987473118,-0.7842908403476372,1.5212300870859292
0.09367103093774742,183.62363067866505,1.6781847330656876
0.14285351990044945,105.29593171693043,1.0003932331298764
0.13388702642246184,74.9675901762692,nan
0.35453892312012836,0.985116157984379,nan
0.18677826793927238,-49.10178825480449,1.3677713870902022
0.6415437953575673,179.96450561999274,nan
0.28551643824384376,264.65593784308044,nan
0.49399139836136535,257.50252951546054,1.587521841826566
0.621371083714791,223.78097535242085,1.0891610189749592
0.6092035786777491,263.9748922028124,nan
0.3725834754895822,159.52816610917475,nan
0.9077485570245099,221.66361643806005,1.199694032375766
0.42100557872490857,236.21172129037936,1.0399018874041517
0.07488170701583807,-76.67466394345087,nan
0.7417329436509676,170.07137269230287,nan
0.5342202043647162,87.00819219649937,1.243503292539758
0.5414334791282077,259.60063883453836,1.6720275679830572
0.6208221535035924,162.65531446723193,1.3705744462322462
0.7299135656991228,253.11666001228835,1.1636252015332162
0.22599755731026516,58.505960742383564,0.8916228562238194
0.5888766253453206,3.4311766417532397,nan
0.5412559960522568,196.2954107685221,1.4115286910539564
0.08177568181058151,233.79095999642897,1.149195551676679
0.3517007066800435,128.91013887272075,1.3384683852468608
0.25625912170175846,65.62210630864487,nan
0.13396326903970043,175.76293792318333,nan
0.8308410193959643,241.4140774785736,1.9325508688045623
0.18961779359123865,222.06538631876649,nan
0.22104516373706273,184.85787183499204,0.8154336560343771
0.511294370729583,123.75597927474792,nan
0.36949983037800643,197.6417380968833,0.8924783092858949
0.3581050139304327,12.153622762583801,1.586289846962291
0.2430516978733378,189.58793092859628,1.601850468382866
0.09469256688079042,44.69473234721818,1.6762998189075446
0.5737770252599389,51.69929367788262,0.9338407754344116
0.43584777107051753,-58.901906888030155,1.829806777353108
0.2862677526134378,-59.53672529273706,0.7534302452061752
0.5358350234206097,46.90516569891621,0.9441892809886215
0.20029977917578573,181.3968830168626,0.8350293151335006
0.19189655887266288,214.5469758734534,1.197769831148269
0.8934052382391771,196.74895888298786,1.4339462578887527
0.6642368008313236,258.9430790376822,nan
0.7585442968670895,202.55528923893777,nan
0.1482518548407228,31.78295453053383,nan
0.6117042183195651,208.99672826116492,0.9834491617295248
0.2699233302712733,-18.978196147117615,0.792529276191536
0.8390925156762805,196.5715691601253,nan
0.17044386346505588,133.38864874183548,1.595142025895221
0.2683057199078039,188.90698341261728,1.0636502315158167
0.8460414560955327,244.0302088274277,nan
0.5659555546927484,17.098483734296707,1.7098666098036495
0.14597538308035674,72.75658098508127,1.1069312100214521
0.2933187441901822,60.60130945965047,nan
0.3477592371843539,227.3974008333645,1.172626519434495
0.4332886736029362,264.95501003788235,1.0657837345732595
0.31004973948156933,4.482646242900486,1.4156860149926986
0.3195294136961319,108.27274645135336,1.0311262591286032
0.3159467845134506,156.68431423455652,1.0135795293274392
0.799023775698239,252.62077411209708,nan
0.36046425324460957,217.65604919856068,1.0669761297862848
0.04871126373647239,156.6373869601018,1.6785547595566808
0.5436931525767753,171.3949766624345,nan
0.2612922123152618,212.25374638454383,nan
0.08138499059334728,-30.13592017893096,1.5827756225807101
0.8420268903815028,214.48193111493447,1.6977839001510366
0.12849822857099635,-25.43419779432333,0.9554809284038751
0.5339502947016057,-24.838421114439196,nan
0.7505093719643648,-4.7094904232368435,nan
0.24832432935072773,-87.00096965663803,1.4945252594080143
0.5638391967937876,263.62824819933405,nan
0.0992795823609508,107.01418898805282,nan
0.27938825264979605,237.94290386891805,1.5306232887772664
0.621806045175707,68.0684497353643,1.0957405512359826
0.3634282090437522,256.13794335409847,nan
0.7985883916927259,239.3336266869129,nan
0.48984915954943,197.76967108445194,1.1058110750941996
0.9835751036547239,247.22696802351325,1.0525133513758467
0.43032648391242484,76.81231948754636,nan
0.9867148523243671,227.3813815445368,nan
0.08455977852064117,124.80895480743885,1.3006057911582347
0.4134937499903168,161.65290960099716,1.5701368898019428
0.49579536630163945,167.03743482637339,1.3095646021474183
0.9179340350323286,-54.77834272552255,1.0900348837545706
0.6481065355267617,232.22305487263293,0.8574944086801798
0.3170755267569061,-54.670081238261446,nan
0.6922236351854906,260.6437933449298,1.4586347265236912
0.6142017227844556,171.96916503660935,1.3487262696927325
0.20490205237586684,-48.86211295996493,1.3337408095036536
0.03510872057846011,167.72129778329912,nan
0.6869595707930171,63.7486121181768,nan
0.8286039621584895,211.8919579090465,1.732429566782468
0.5042490876818715,227.49013139867776,nan
0.0926584730569801,-77.63257455675277,0.8040831748415492
0.12469152045192733,46.041872883002526,nan
0.2728841313804465,122.46900269494361,0.9182251582932367
0.004761848673965785,-43.675195828069235,1.4787151803123024
0.7455842076175597,205.73464046715034,1.3498101625716274
0.10845750695504902,-73.32508766006026,1.7105011176518166
0.8579600284618834,-71.90413955599166,0.9623841399505754
0.8204924665434425,-86.90343129233719,1.9776500745898522
0.38028582780888176,-45.38786041638352,0.7505586884713105
0.610604559562307,162.5581543150343,0.9794646154372495
0.22550480734331257,208.5961358718081,0.8791400960369986
0.6329490782808498,148.68092112561334,1.2089288334612667
0.8174841369565697,-83.58253346376526,1.6426505553672348
0.5151974958865271,64.80828642061937,nan
0.45749791235233805,-19.844671725927697,nan
0.4287232552258407,223.77955850130814,nan
0.8112521703125497,206.55073258657,1.0513425788514725
0.4952435001654873,175.4171325982699,0.7400275882671633
0.048826542017519625,229.50175268669668,nan
0.2966486374406071,158.54313667429406,1.546815506699439
0.43793751823480365,214.04067046749225,1.0311900276061505
0.49992615727385814,211.48010977446324,nan
0.9230073096316326,-55.91384212167442,1.7395397799637202
0.4871445661045538,215.03833726162668,0.9702895624107201
0.22655679284601,-13.033870718173887,nan
0.6445911009037204,245.48687011098463,1.1452398553596919
0.33237022842186315,36.81665443775594,1.032950599119321
0.32432469921429113,61.45776171769239,1.3096271329800298
0.016051660121215616,104.4833864986024,0.8723175368530445
0.6365537604902445,175.99523834852448,1.009277860538597
0.5896408972688003,252.1310802148658,nan
0.15980770041608455,18.462606788373336,0.9755574792609971
0.3798589063747432,-2.8128385385742405,1.6052666429749598
0.13526791078193004,-31.88025756240249,nan
0.005419980363583737,173.7050738178379,nan
0.4038796173799958,160.88923790303727,1.5220588873726735
0.39790325072405197,80.59355003994538,1.5956688667123198
0.2327497497767873,36.29135222676233,0.8911806991447024
0.8490580851857736,-30.216956999328882,nan
0.37512781628578395,59.33950967908036,nan
0.2908390893192271,-75.00952836116466,1.4495512638724593
0.470034315033802,259.6096013499009,nan
0.2917665015129605,119.64735789214009,nan
0.5319323322956253,236.1292323170181,1.365160364636804
0.5024679219225744,22.478301225348606,1.1343696257632319
0.40568239048628324,85.9540160540145,nan
0.3353823694221998,99.3921585834787,nan
0.22001440488563517,225.40633687788977,1.249730327626548
0.10060362928640199,8.932120408072507,1.0630554579996307
0.44655485357791874,245.5627448363063,nan
0.3363101560557317,-6.912062631775115,nan
0.24802120057847143,124.3338795532866,1.199960783917521
0.42545391140892896,251.25154878711794,1.448350044197044
0.38756677060617156,203.33026929324524,1.3093126767604468
0.6947210220360236,-34.67320514735507,1.133275504516285
0.23570412258092652,262.8014757948373,0.9484823621042913
0.1612705865277824,108.86818305672999,nan
0.41893518324578877,206.28775107872312,1.2725016021123017
0.857478969733854,-66.96513103097723,1.180970788304657
0.3362090716775955,27.044678503548027,1.229660602385117
0.18761886250899665,268.2118288890902,nan
0.3571251570605518,223.8826633557859,nan
0.492917915857077,242.398981043729,1.7361046213185973
0.037688411470315944,-17.870287295362942,nan
0.26961537544312786,28.386811274875697,0.8039507366041728
0.10420029913196116,-65.80505877456577,nan
0.49298763465439177,169.81354937860146,0.98380435211274
0.5223320717709273,151.57713280219565,1.655176833435372
0.3584809759480732,-47.167607997889874,1.4989889083396388
0.36484890465728886,-3.118826460306053,1.6287794472232844
0.4701981559413007,65.08322412047981,0.9776551427736297
0.05128834275520719,156.19287410607768,1.8474110329370024
0.429741447613081,-33.890773133618055,0.7020727092513878
0.6885104427289093,179.12805801818894,1.0352118210650951
0.369883400939253,45.92136846543107,0.8093688641216309
0.6757007816263019,235.9093420090353,1.1955906158486969
0.6235192437990602,15.017340870480417,1.55655019259848
0.5687311154602961,212.59476715200603,nan
0.8945985631495164,-79.71391336245986,nan
0.1904047179537539,255.60217472320207,nan
0.05066480137406976,107.65266439215311,0.996497877358032
0.5075428908641313,258.3519613802558,0.755981624608363
0.6656606105083449,-43.39283382825765,nan
0.18651510963398962,50.69764915728399,1.5125156093115075
0.2938867775777402,217.07560473149843,1.0544786924086762
0.7502691152461718,185.62636295090928,nan
0.839150106466808,-72.10441305737109,1.7216574031069583
0.6215111499766378,118.95572697880705,1.0170287319155988
0.21685304646948123,-58.7138110686343,nan
0.5006752896804973,217.37068348898475,1.045644017503868
0.5195010326557534,41.69320333983582,1.0276388791764346
0.40286798850112615,-55.34132845973568,1.4827728991038365
0.23767331325106578,207.32113299989436,0.9370991773999338
0.15266548337648253,227.51595180127265,1.0024603651764967
0.8122977937373774,258.0419819371264,nan
0.00538995338280495,73.65433162447147,0.9308118561557956
0.16953602567098336,11.889322235726056,1.7913168876750303
0.3478677365448122,64.43681147930232,nan
0.675234704864868,176.05065413485391,nan
0.4542902863912122,11.36704189807805,1.5860462478318798
0.15014969307505255,70.02641560610634,1.618497320176825
0.182176972854885,-8.927322571023979,0.9965065830289449
0.5420831897417415,138.93114085414936,nan
0.5792645059723937,168.48532569681464,nan
0.4096324690150467,44.99392841652943,1.5639440999915557
0.8782803203059,222.6416179724896,nan
0.15243631905896882,-42.00542420315526,nan
0.6508504781481406,263.111352680946,1.4128545217962065
0.6651798736620775,28.762367770212734,1.20687976733013
0.23818671495267668,-10.02172980802635,nan
0.5398146009823361,56.36929800341744,nan
0.7478754897097067,232.800487465225,1.1220970023249683
0.3211900555430329,233.99248473234763,1.1156328191679392
0.5069045449794339,6.209404758723167,nan
0.38759289759454635,-8.8918536280338,nan
0.35430068842529794,-5.774812171091526,1.2850158487756418
0.34143769195823914,-45.288018009877135,1.5721706722133721
0.3819073755845799,248.62097124089786,1.2003761119495489
0.25094852341950535,13.233148466039488,1.1176672226895572
0.7639848319971987,181.01373666864333,0.9601552064705624
0.3163342795155748,-2.3815284944129926,nan
0.6935051147743172,265.29791240834044,1.3069429275672144
0.6902670173299736,223.36330459567816,1.1843920759506736
0.6711874225644656,-80.1083225427368,1.408600932208711
0.19317572227506657,178.57994538318556,nan
0.1731324125413527,171.56849742067288,nan
0.8117968616637272,248.4479116697907,1.8354209318417303
0.03787322280528038,171.30223644434912,nan
0.09920938399058504,184.37360581861668,0.8828461524958983
0.5980190062322104,116.95185264520666,nan
0.22654809480114813,-6.162865294776395,0.8717513196480877
0.04327600101005785,-51.47079173462208,1.5407625426953844
0.34841597262982904,124.64555525218523,1.276838710359267
0.05780091413250535,-70.0740033762811,2.27475210558235
0.36947540379835575,75.76968642919475,0.9791095548058389
0.2180557537691831,-52.989066075672646,1.9739866710535126
0.9111534666093162,-26.38360450953185,0.6998428628607269
0.27865544112137375,230.80072291765146,0.9576925399674335
0.7154311841170793,-57.1239111912362,0.87451292625972
0.7403434672866348,149.97593540110978,1.2472530952658667
0.8715290638477716,-32.352504363354406,1.4306317606263306
0.3635365164612594,-56.32105004977137,nan
0.4074424350596734,-73.9624983244482,nan
0.58573925422934,224.60190163870743,nan
0.15388949605124347,-37.756669076206066,1.0861971419180576
0.9129314341380063,216.3737287641579,0.7625019778563046
0.10167708023895033,-54.21743972798891,nan
0.21092630785624183,-33.46918307227564,1.4549783244889765
0.6549959259573994,192.92826525700303,0.9685596201079355
0.5536151192620121,121.77624616721263,nan
0.1676211920119807,-71.50376621074116,1.5474710565606022
0.4737613137633942,240.23832548432463,0.9547436691516822
0.28734778623676316,11.394797038618307,nan
0.5467663695664475,133.4765001781563,1.1864966378105983
0.6599358832755174,185.8096136532035,1.1004305694657583
0.40189010528266933,-86.49441901284429,1.526687947074862
0.042109487929458345,202.1093191738653,0.9176914841169755
0.4377527317940093,156.7060795675415,0.9770649523003062
0.5461164961714342,33.28958671068531,nan
0.09017761635271518,120.31206620532252,1.0458210011968172
0.11421241810107996,201.12668654286745,1.781964550261976
0.46557619255451144,217.7885838153402,nan
0.01663216802167089,163.76595652546192,nan
0.13087186645985727,-23.95487764642168,1.3969313395121778
0.04606982367408119,202.99911196547853,1.7965490787952212
0.22281359586615024,192.34758590329574,0.9843676089665137
0.5371898148486984,125.20113403798845,nan
0.34108200029215857,36.212164700010874,nan
0.4326868251158363,13.727798624807349,1.2712009167921825
0.6187734443548015,186.43968972371368,nan
0.8384573712420614,-50.57492480841036,nan
0.9568236127074098,221.84756485951786,1.5332079759340898
0.7865337739858012,-39.10855134817069,1.1510566390120245
0.34232115726444284,259.75551192184435,nan
0.17612064952534012,156.26522041692445,nan
0.23659478111350313,196.34768416017468,1.1531057563672362
0.0800215784282311,-8.971081014411713,1.107847934754243
0.6958522190382201,5.530510334819951,nan
0.008329446011703823,178.49289880511014,nan
0.027636430800419366,-41.632022875130986,1.1607581392417867
0.43880569703053307,146.5095561067754,1.4055624474249948
0.7709237013598969,-38.30008074791472,1.2704316965163838
0.17441719285850582,73.86873640613081,1.0295909758841442
0.6682434287131676,211.7883138105579,0.8806358973753913
0.08029731814421483,12.812154935832268,nan
0.3997176361625936,149.65876170649858,1.2683519815188447
0.8941233856987204,239.10080968063437,1.2926804249909079
0.41896515325441075,-87.42829326393417,1.4360554561450019
0.085066167111851,-20.928463648016887,nan
0.018669257408244544,147.2649538424759,nan
0.3518985616182296,-33.628477117253624,1.7198064893454925
0.20303649597841214,144.76132985714418,nan
0.08486299414497417,245.24102087380749,0.8007850916714176
0.44642683099701697,242.62128320490166,nan
0.05287770732624203,209.8420212530306,0.8554205376999747
0.3389670176739734,64.22349482152026,1.4641683373076235
0.06296382662955519,264.96948841593326,1.2341084627648597
0.3445631208995914,-14.48281011216698,2.2778071176521553
0.39622819502655426,49.53875007913311,0.9800147300658719
0.5086963514073957,19.76850983873763,1.9084828208582563
0.02752119074235926,224.90756471992418,0.7478760121012176
0.3472816613383982,237.41693672972718,1.2528262160305712
0.8675912747426057,-33.03428977726742,0.9530109603701015
0.4250058094914069,199.67202103847492,1.1680406456527177
0.2331596170935319,210.43784729483667,1.3848542958259498
0.3021642105499696,235.0186160559991,nan
0.051470053858813605,108.38777970162323,nan
0.41168719660509107,133.82519362498746,nan
0.18097831152788468,42.401866070291035,1.0076583901733098
0.9129454919285444,-22.6853514054701,0.9070514479086679
0.01292807768045727,19.006935976601653,nan
0.33838602477068214,-52.43670204181481,1.637293288264397
0.14876258891486926,252.39925430516456,0.9978437523111346
0.8607257606621345,-40.08081769288569,nan
0.08155473655890011,215.24667478682696,1.5467181689949003
0.10396305184673738,247.45951173189164,1.0189467109484411
0.011486814438871007,-19.08614115405419,nan
0.2520636376361024,-42.88245031284591,1.097312920753802
0.3694106975279028,214.96004671129094,0.8771872064120431
0.43305111743448066,-56.38619858591579,1.4907925082425433
0.5136802563761338,-54.936483259609815,0.9085148238755058
0.027464052247473864,125.95553491214454,0.8968727708811561
0.15198244652487092,103.76103956765226,nan
0.3364236676904826,104.73063743689839,1.0993231309342903
0.08482223965434205,198.4535272995028,1.6523976891554946
0.13632437754817306,215.7820419052954,nan
0.10001782023119438,178.97250935654358,nan
0.3493923854636535,-60.808591901087354,1.4415522328325416
0.30514560107186484,44.82341142557809,1.6726588298814509
0.6747888797589172,-72.09933114558612,0.9992055751222138
0.9246738770641588,-29.80481531871679,nan
0.31369541746202695,1.8467947832815312,nan
0.08314138514919389,160.339485343526,1.5842299180936332
0.6610571395931963,220.74544189038608,nan
0.7855076267513149,-34.06184664584174,nan
0.149643394598588,181.72124332576155,1.470588696122832
0.15695738081644142,234.5859175822139,1.1667534754308166
0.5539561164939202,166.3044025543266,nan
0.40592857780323005,82.03685611378815,nan
0.3961929366401,264.52252637088066,1.2082886037725074
0.17128557913860287,16.44472315422925,1.0016167324771361
0.9642247938570305,-56.333351699165235,nan
0.109611293193559,9.33359625899925,nan
0.7132826607420946,-21.27186245029091,1.2873150977258814
0.06514809764986149,266.75400238654095,1.4286327161089565
0.6725975271736528,-21.442757271611605,1.341249928603561
0.22703939682526503,143.43635769278106,1.0436484043973444
0.44054515148422513,210.54813023349357,0.957504321273253
0.017235394539457827,-30.65897401311905,nan
0.178136969083338,-6.376820192517087,1.255767771574618
0.6558997880719533,233.07059823615282,1.4184805495206338
0.21195994757270242,222.74899299231123,1.3526101291488208
0.1739884602999961,-80.49406821542632,nan
0.0473653390807198,232.80536475932345,nan
0.3908155303634443,192.5726221244272,1.8009650406976976
0.7137073131993,163.58796727690992,nan
0.19451936069005957,141.6048692904067,0.8317530144811375
0.456383769824308,199.80551480006383,nan
0.8900757299311878,193.87936628559743,0.9023606481331519
0.4686689344169766,-78.80832288120158,1.4614476858221725
0.173957477253933,190.48155462087118,1.3879930627516912
0.619098420854662,106.82873568521421,2.2817134093949956
0.9653091176919767,-42.53431456983897,0.9395714700023439
0.3117389809280666,-23.435612460788285,1.8968184390896972
0.1115434582092345,116.65422132637067,0.7801641044067487
0.9077786847036582,215.05146427735957,1.0701548500875249
0.93333649364878,-38.24603755073777,0.8882994042868894
0.035581221446494615,144.0897170037518,1.1716343117765475
0.005815126155017669,232.76434260725787,1.3225226263623286
0.6963845604089594,268.2745752931879,nan
0.2113260018226144,101.7703232049473,nan
0.2670842219041902,176.03958630787517,nan
0.484708019720555,178.18492178828694,0.9729325840773579
0.7206133306790529,-37.0260571780133,0.7865791933665471
0.23598180618543238,-18.25318844235713,nan
0.38653431991927967,-58.76208075864611,1.3930716459189185
0.3512418550817387,179.29644004502376,1.0201236583853506
0.3547218649132342,261.0222800612396,nan
0.38158812466090386,2.8432719596731744,1.6818514177781463
0.07007943575456788,32.40500293873106,0.977485212373751
0.01860146059610531,9.4980955314579,nan
0.14367025568559066,-1.8511129445242176,1.130570824288807
0.09459506330262646,240.20150457065927,1.1115070050303046
0.08317577193652917,151.3453088825381,1.4234793583929095
0.0585206731907133,45.250170906999074,0.9480774430517562
0.45264330972718736,144.86483384572858,0.9555107116437006
0.7492949910492894,174.89729770861248,nan
0.520506813433697,184.9622673733417,1.1086661697708056
0.20890906402018283,204.17087582048438,1.7739860469173057
0.9293908654381051,220.7598815045227,nan
0.9137177583582794,246.55562786413174,nan
0.39980012695317324,-68.07175400883747,1.5790119894225387
0.29429534811374547,108.88251870225193,1.7149642442081114
0.7299920275293232,-81.05571334850202,0.9084926582351472
0.9601520783316279,-31.691370673534266,nan
0.22330968720704236,-47.198522393889306,nan
0.25424020579394646,154.58128668012992,1.4295363584513032
0.838547354804523,197.88713682175393,nan
0.9027543683176978,-56.54589445205619,nan
0.5568422193942089,237.5118822714168,1.3711446119304602
0.13233952005561916,175.01662704229608,1.1997099084098863
0.3719133687762392,196.4843348939649,nan
0.33827827026416996,261.3394148072916,nan
0.5139278738573921,224.59261786850269,1.1333782605604392
0.24323589506965398,97.84218776711464,1.1236409109619576
0.7672236928096288,-24.304597563715703,nan
0.06216820473919338,135.8643558028824,nan
0.8292982501987939,-28.590245710913592,1.1883465960573962
0.8023216107596325,245.17140461370602,1.4173489939728203
0.37414017441727865,197.6604260755259,1.4640951287762323
0.7710256712644139,-54.40543822711798,1.1811205971604501
0.3731282253801504,247.5282133339475,0.9745194594743205
0.17508931775222508,-62.127496158844224,nan
0.5564468983406073,54.08620858455447,1.3281146427174293
0.09575209293755689,158.04555188396267,1.2596933293593557
0.12714139425227697,83.74809351951632,1.2533833964940664
0.1248103412600311,104.37148917072949,nan
0.14778485206523695,124.08976040328616,nan
0.1755126830857905,229.99369881403663,2.011686118465822
0.36278342563115507,-27.838655774325048,nan
0.3955488608018175,109.2847142871853,0.7896594536563163
0.8375887904088208,213.87204905831092,nan
0.7431583429328769,244.60066485415697,0.9239623270440184
0.11120446322861699,-79.8273295876285,1.4683328789932746
0.15474640150465993,12.081837858911513,1.2873529974591926
0.74091989303452,-51.172622963668935,2.4769637165250202
0.8604776478227125,-25.773812777019913,0.8631350522801793
0.4311797327702295,155.21776106519738,2.0405341421609027
0.903101062318214,241.26788051265345,0.7199972110689051
0.31090907929178935,134.01034800255755,0.9886108471891255
0.017327266918472417,151.78659428910527,0.8869307437730429
0.5031968194240419,163.89268054743485,1.2207186728271595
0.0817239922232496,218.60854629741576,1.3608852167156666
0.16109697857279112,158.4788975660015,nan
0.3507788511246879,220.4446907450064,nan
0.4727510887270694,240.32709996011923,nan
0.07955927514617522,-7.095861536621953,0.8854688817071289
0.6073210409682194,-25.534245062370793,0.8554144914086173
0.7321988213889723,172.87778742808734,nan
0.28371252860467233,-11.179958205428989,1.7433621925945348
0.8021059762442526,225.69526185453392,1.0625053181014508
0.3962356106481228,267.402740651036,nan
0.6394932154915297,-22.987477116865417,1.6618313230355135
0.16017039969647023,262.8444354777069,0.9628492623160838
0.24262849546649456,27.716278067404833,nan
0.5614863076451975,185.73530033246684,1.1542632274299511
0.033264065143539606,120.44550133594574,1.0925657908062971
0.4458579422456346,-84.77958305912423,1.588605808340579
0.2148684905617667,-22.172841390001167,0.8447252727263662
0.5278720423107259,253.5957041235519,1.0914235916147255
0.26940748119879426,262.07511965084996,nan
0.3755302391044866,-81.5828764767135,1.035662334432963
0.3197205184357941,198.60884453715622,1.7730437814190545
0.9749471748830755,214.975108923292,nan
0.712943642579551,12.893538130037307,nan
0.05774914753253935,-38.506104629883396,1.5735870550781623
0.19617974706330807,-69.95108512040088,1.8008308875329517
0.4883695833874629,-10.708707807768661,1.0120828315339918
0.9276907810079567,-32.05239506887929,nan
0.4573394944454756,234.1567969364244,nan
0.37266741692647604,5.261561207049979,1.5156256814283027
0.9741258176150385,208.40178974897913,nan
0.15662683831770244,170.44192049555613,nan
0.22636268453750086,192.92412410189445,1.5760152971061108
0.3464730145385825,34.18840200584641,1.1809883193179933
0.167675733275955,207.2528028044693,nan
0.11845129987287639,268.1515588528847,nan
0.5629995742152797,240.54694098405417,1.132175356944343
0.10071731579195756,59.07368648274175,0.987166119448574
0.41654920640035165,33.33227664283547,nan
0.5411752153569984,200.97468002937367,nan
0.11651276137494088,50.52410636009449,1.2095271968752936
0.82124004036021,255.47488297800888,1.5395495821786553
0.18853874514409324,-46.923932148214845,1.263792590010503
0.7052846416378167,-48.69883506677485,1.2469681568822273
0.06727593281276018,175.35558826428516,0.9144223632389873
0.1443168342436676,59.40939986735194,nan
0.37189152879970555,226.35832129797555,1.4438604107362447
9.509305501237408e-05,-36.192985293213724,1.3792072513086744
0.13469037184311183,61.28958355576731,1.4389601445495155
0.28293567363843486,48.70851025736921,nan
0.6487881817718658,100.16149537870555,nan
0.36264804365164444,108.46957441795834,2.109688069377965
0.2579579968883378,-36.04034722714723,nan
0.5751387007739045,228.85238267870486,0.9217068876232646
0.5587918576848061,171.1566764864372,nan
0.4713380340651477,8.930093950657085,0.8524243546473096
0.24198273347546642,-42.07090392751018,1.5102513404691438
0.1890408577843588,188.01339354706997,1.2323407870343437
0.5789583359484523,-76.14457290406529,2.2290799795891445
0.7919610424032287,-20.45149935496723,0.9392258597560803
0.9195748700328985,228.76780900140528,1.8744550549471228
0.48044247389813094,-7.23949073924803,0.8067987728737332
0.8963401471016762,199.52072236556126,1.0344063231633362
0.44995394147092427,147.91364365388367,0.9099838190789564
0.1968824977059922,45.438262637902525,1.2029557461768332
0.24305145499192976,170.07896600053908,1.2839154457498034
0.05593010671738233,153.72543254380264,nan
0.02945829325474214,161.94871754175625,nan
0.6386827440165985,251.13563508271656,nan
0.44368350627962827,-11.459462843512782,0.9738972166264573
0.07933541528917151,81.46271626075654,0.8066782450682604
0.08944829098413443,236.25462223909045,nan
0.5160076795956353,161.76579784806756,1.5321060103804085
0.7664081835927026,263.4723362607647,1.1060918258111623
0.5719912414407315,-51.466714574309236,nan
0.22903638551647454,-35.59564031762682,1.5573536836795947
0.5876554238215534,115.43458980023911,0.9880258587259116
0.43540811445246475,244.3525472479845,nan
0.5069872303688394,183.48007106562716,1.079500134533587
0.45623670310822106,-65.62982754869654,1.1649133128571618
0.41387118339283846,-29.46703885829038,1.3594321595919177
0.46697217294627796,206.9988282030469,0.9707221307878154
0.14796940729166042,-39.67740812996004,0.8879114285230959
0.6718926659516933,229.68346170267665,nan
0.016905865581235358,-37.20390216995139,0.9826161778646987
0.42122917616966954,110.10930784324056,1.6807069729405553
0.3876041878828199,193.5132956311781,nan
0.21876818430116962,-81.90040521707357,nan
0.15473883770539482,-46.83635873651519,1.7096737919889045
0.21349755064919596,208.42217372046875,1.70724628211585
0.17373124429128672,-85.46311070300027,0.9518263257909919
0.6079356187562304,-6.858611390541547,nan
0.7948352893662963,193.7653529475811,nan
0.5561513026262919,-58.70248540726855,1.5202348931809113
0.8962138996645286,195.12909021150705,nan
0.8696071543184902,241.0840424122471,nan
0.5965641884090636,157.7497425978711,1.5693575797781607
0.34986795396731385,147.6696100698251,1.260149712005578
0.053493846577596704,226.88438279703655,nan
0.01511131217591355,89.17838775556953,nan
0.41252621580026916,11.35340395980148,1.1402889875074746
0.22668034258478195,88.21255100795744,0.89453997532715
0.023721864189593156,-74.22447360559403,nan
0.8496016205478975,267.9984517159644,nan
0.5795609119561536,184.83944701363123,1.2492347047240238
0.5348820228817817,249.5984815368522,1.4052376046035622
0.4974202220180571,-72.22134676764651,1.3017453272202317
0.10561501377902187,-28.938064491715295,1.094621822908656
0.4912712807191845,-3.9179721506305327,0.8949180939014336
0.6496358796470648,252.98645097993358,nan
0.041788033789843505,74.55522106808282,1.3558015736208944
0.3595216875769261,36.18987860329964,1.435712671939981
0.21906487432179128,190.78835392750523,1.3069223106666519
0.398076793861982,65.53156321386673,nan
0.21573910693011936,174.74996260533436,nan
0.8404766931706671,222.16036952489793,2.26463096022111
0.27130518881387183,47.5696035085213,nan
0.14096663354013705,104.68536484199389,0.7962564477725395
0.033765626160521506,173.34664732705647,nan
0.10175900796072401,-46.36167007824747,0.8717421947101064
0.24189742551241922,8.841978382056055,1.4083485402868268
0.19660816301951017,138.33028645109087,1.3064182848142185
0.21033478413228285,147.10132359200492,2.2930168991161666
0.5403302810036894,16.427598111617073,0.8762492309858213
0.7522449973991365,-30.17198886459829,1.8554772005626605
0.7792555180493518,-45.42096830336715,0.8368842692750046
0.8833999044496678,251.61985305576994,0.9568890898996253
0.6543663972488412,222.2096443700807,nan
0.3974104372376714,139.1325546920639,1.2491519816803631
0.8720391355158263,204.94475938408468,1.4508868271147628
0.347238485802262,180.1571426442494,nan
0.47842242131065804,122.88095315505686,nan
0.47279218974128234,133.3965092660605,nan
0.12869245459332462,91.22293877834227,0.9725299291522489
0.20544205024289772,-78.7250360433743,0.8292943100374
0.692296950742566,180.9942083970875,nan
0.8214998686095821,181.69147946248648,1.5468052279551758
0.7613545265926018,252.83315979156077,1.0843049444501829
0.5590217967429714,-66.405259735394,nan
0.332344008000991,50.68689622359959,1.693783704356478
0.3149965110239533,-73.66728988485323,0.9583854950027051
0.6067274524812221,224.3508355371868,nan
0.13837517382282938,168.77879812610772,1.0838089253388312
0.350307799062928,-66.49887037905222,1.052237021551892
0.3040616882033136,131.5867222595495,1.4230688514465202
0.5428027796696699,-68.14954369828502,0.9889659166748406
0.3747355300616675,263.17769321811414,0.9562759006187321
0.7763549850754632,167.52109000634454,nan
0.18066502281110863,99.88859173604843,0.9990855727387695
0.18736510237889425,-63.65927595069775,1.594449644981759
0.35599342323504496,152.23994915120284,nan
0.15350096298991978,-17.152488858849296,nan
0.19556634097231687,61.50709338020192,1.499214300022455
0.37469734490565487,266.3662756839533,1.529954861726238
0.06843837906848972,254.75149758704163,0.9549108082083744
0.40240834813542387,-47.92196724016405,nan
0.46663237375255195,50.16205755941192,nan
0.5305349173159366,-33.33211775655886,1.4816050150108473
0.6134236172816008,76.96840189526992,nan
0.1658935940317698,235.20910297522445,nan
0.41181281802760816,132.5883542846729,1.6184028358841904
0.8308338990967625,185.32866380222458,1.2120543287993124
0.04187968418036159,185.5312852795383,nan
0.28470829197565445,-37.907524313994955,nan
0.8831640609920854,222.87185271606316,1.0638655971139601
0.4059830589027238,155.6223655591274,0.999763077032091
0.473684159320305,18.273969320556063,nan
0.38692401807334054,269.644417216385,nan
0.05942804135206109,231.9327161694761,1.1889846234978672
0.42861058566448007,127.60400196437615,1.566158875302687
0.5101990287775854,71.95560155229208,1.5363485725649595
0.05231939687064269,268.1832623527014,0.9777041103228888
0.3638803690197956,52.783551048997595,0.9412342978031306
0.9016688989609889,234.16169228284437,nan
0.1350076876238143,148.66444872358218,1.483051936408624
0.21440744604959788,-20.23310467713361,1.408942237917339
0.8980752895165618,-50.92285242635589,1.216856015770865
0.526596405923601,13.798008807807548,nan
0.30644090306337624,191.5257513933903,nan
0.7287731106661913,257.8591078399777,2.4262320643109136
0.10234976937054163,261.6647491840584,nan
0.05586612058620111,-67.6593652300126,0.84375527664167
0.48081663042490264,209.56769333622265,nan
0.11877166982296783,15.768802487206585,0.923241706091848
0.05637449463981207,90.65808324230437,1.5743613731281343
0.42497806308168384,92.40808156894808,1.3797705094782153
0.06838782827512824,253.7809602065262,1.9756879459618235
0.5515162569028101,-47.26813278779284,0.895958381799531
0.3182709873037112,-8.501455755321473,2.0450292219338064
0.5558119810443581,213.97149264060192,0.7826319923280644
0.22876146502278402,-30.306989222659148,0.9805992244326361
0.2818149206497119,191.88025337784012,nan
0.1552728057519615,-23.808410847195788,1.3007373501763677
0.5015550720398594,241.46351734278818,1.3517172634915051
0.034317257110182575,194.67476678814447,nan
0.581759614280251,-57.86508721084465,nan
0.42548403878286273,153.33111291406823,nan
0.42994248574678673,197.01125064883252,1.0719072779376728
0.5695643430772929,-84.36189783657271,0.9074404576477144
0.5192328965931743,267.21471911562685,nan
0.2600062499979548,229.39714606052075,1.6528013407912054
0.7446035244024797,-74.63122664305928,1.0940713900162573
0.06640984702035928,226.52776391553755,nan
0.07365352683295742,105.74317050142443,1.8319002651898857
0.03765222927870965,-15.92045567031117,0.934416704944435
0.4500898252439264,131.82937715463567,nan
0.15566186360843154,9.096852697622566,0.9619617946199199
0.29637103298754836,-57.193319744355065,0.9355135482379917
0.8167181829287831,260.65819712464173,1.6920685413029186
0.767953406067158,1.911574693414579,1.0153491371141259
0.1407334247762854,169.04814511823702,1.0408888045543412
0.5484845247457364,244.37970042356451,nan
0.23442652443231676,227.02076467452926,1.0058368652869738
0.2861628115176001,62.36038398050094,1.7815876839000162
0.532196607471807,256.5613084529695,nan
0.17260793769263083,-54.061915912825214,nan
0.12944221653414678,-29.234065383607266,1.4769168146105727
0.32096605379364995,152.25260588466864,1.6231343017717468
0.3179094277241491,119.73981410745454,0.9925966075803316
0.15128402550510267,171.59489695742974,nan
0.2658060946152704,17.113278923846288,nan
0.42368138595532523,260.90196257104833,1.3091997652468512
0.07024503796871787,74.03543933258476,nan
0.44212670441258106,37.25789547940352,nan
0.02368285427840988,-84.88218876105957,1.4643491327417302
0.38138841727545075,183.08387995241856,1.1216317312653308
0.3826515537775818,199.08633648414363,nan
0.6017764200238006,-89.79211270044064,nan
0.2658995796963664,25.612045018407777,1.172066230528112
0.36056863268920897,-70.79891200991662,0.9353450205696489
0.6556027114450702,-16.77426948116309,nan
0.39239061007326975,159.33680301975,nan
0.11465468830580196,238.87569553550045,1.1911035148464988
0.8570586152724043,-46.059244814309054,1.4571989577223747
0.4493959274663915,-1.1424027214307202,1.3568222379102095
0.03355643947651165,198.1674968931611,1.0944830609437697
0.08300016139800476,-63.844679175738634,0.8652829354887657
0.1565584956795783,166.67302614392344,nan
0.0830989156636107,-29.780661666109182,1.31227913124186
0.09223436244790023,-3.4423587036111485,1.3702784823414786
0.4532988605663992,194.98764852561442,1.3409271894204995
0.4858686339720103,40.01795931280667,nan
0.0915967000802261,253.86206376574543,nan
0.5620942728967818,50.0322992248079,2.1121678763579492
0.3238175582530165,137.29371234780115,nan
0.1850595405812074,144.56570908363815,0.8540971078986468
0.7478734068296806,263.64096588935513,nan
0.12050297597448195,-67.36287127472752,0.9431053506685892
0.106383789111456,86.60502642857914,1.557364009072009
0.43089149366671364,263.8049688550805,1.3463962156435798
0.2030719802481594,123.40666732347371,2.318486223557467
0.5682232842620891,79.52661898983312,0.9646949088446234
0.22805763470608248,-37.6307036175061,2.0941813275120857
0.6693785359624949,-88.30850765663826,0.8449826477376589
0.3300550388622219,144.3061773402997,1.1136344656750161
0.21315278951623143,111.35037802605953,0.887594428946011
0.06164784626322217,7.770930555840337,1.2435712438668414
0.6437557350777658,211.91369741736668,1.2815498326476344
0.6334410011452013,157.0722939729407,nan
0.47407623105858737,95.62445563965294,nan
0.48129176358897374,-5.353563749849741,nan
0.6702018970018817,-86.26855969750807,1.0072174862963772
0.6694570800425257,138.6097192593329,0.8371374398853484
0.3580267888370855,70.00254149711674,nan
0.3978923391782012,220.9890249586325,1.5400455166082345
0.1871226309759254,-14.201781055281515,1.0280612456833262
0.3549135526351759,196.44699296802065,nan
0.2418521493346467,175.00661236146183,1.6997039961537164
0.24235736767691773,-4.231937164964819,1.0442765268897518
0.06850016273629506,185.06845449245785,nan
0.24045900953414792,22.50108347293531,1.107441743390758
0.4391214619821614,-77.32547511429613,1.083704249880024
0.3514963068153469,168.18300068105174,1.334299396528425
0.6291237703554781,-38.52795359482398,0.9749005227063957
0.44730304065034177,176.06401931832696,0.9950129462077232
0.813653533027958,265.7941921362808,nan
0.6797194181836856,162.52958577290596,1.111173432717722
0.3388319137538758,261.6443550833351,1.5871148884143775
0.7417056923606926,184.66698903263836,nan
0.5703159267421607,-73.7152466397867,nan
0.17782090418369817,190.63644592266044,1.4899478918771392
0.2849008722493265,186.75929413154074,1.5957196814022423
0.06300354181709544,81.77787887326048,0.9407796816549117
0.23852921675463373,163.67527080687097,nan
0.283765527331031,133.71687220842944,nan
0.38152219988421143,-53.53688894481661,1.4620004946804555
0.028612799449852733,211.1223027800209,nan
0.12311773089928159,-48.81940758409783,nan
0.26085277877087687,-88.35760380356211,1.4106254136270104
0.8892204917282377,207.92143444381557,1.2485316906072106
0.08691278381570695,208.8243459892738,nan
0.8726930171925306,204.50817439478706,nan
0.3700369024876574,-8.816806933108557,1.1007616824877362
0.3231147682437167,71.23838328079269,1.014853191002069
0.6474717912535898,236.20587232079308,nan
0.24799949118279496,-11.707048558272014,nan
0.2861372446001074,264.5587926295817,1.070315052237075
0.5363970977021327,145.44453642817834,1.5125287496846365
0.16799242850891144,234.47228292527535,1.3656013398700315
0.08841586493030212,168.9016573991174,1.0738124916577139
0.09279044869987149,103.28106954266255,0.861427248159598
0.11254053824050608,47.91834675704973,nan
0.016112636915112222,-74.75480779670917,1.307337279552186
0.5049949453602611,43.35949335254327,1.2781165357897661
0.4005798313469141,240.74198344684908,1.326394905250481
0.32395098373103,-20.826214373584065,nan
0.2606559373240347,181.98308626129148,nan
0.5361123261320503,248.35815853331223,1.9301020564580171
0.9912970596562996,244.14291985322382,nan
0.3434462359264162,96.3604185474717,0.8351728284896075
0.5544800482054024,184.688964204501,nan
0.6116042943195608,-24.637852242054464,0.8668616116585226
0.0399660147615144,42.76476423878591,1.6423392828387662
0.15959100606009696,262.98806371257103,1.2999216665953277
0.33441436826557935,16.115728588805403,2.128015338265754
0.48148724166476997,197.75532138894846,0.8747350500803529
0.2668363583399309,250.01232872152343,1.9601619319741248
0.4846539931183135,-52.33510969381246,nan
0.06879684765394356,194.468913715785,1.0607592325799602
0.0460187956908501,6.134404052965408,0.7815034631294008
0.00375161015090808,-46.64045160467798,1.1629189484979996
0.8743708481103124,199.7277129595267,1.6014295384575161
0.07894803267868161,211.4176161468834,nan
0.6498195485452263,213.0106763144715,nan
0.40570342512980956,-60.68765599188926,nan
0.2755808741340692,156.1972712669978,0.8573963722538541
0.04093566743369781,48.94214400956895,0.777616390772095
0.8968000282022688,-89.20126392275122,nan
0.0023275298840395586,44.44492350963951,1.5451996352431205
0.5031795751522576,217.87766054386663,1.0267372791754716
0.49493464288053524,225.196306344217,nan
0.44226542385111517,-25.65061426701564,1.7978333083144191
0.10715775799656121,58.945529021036464,0.9771075392088497
0.09764721658700565,58.9122323876345,nan
0.48917559147912015,9.040567532993691,1.0856922644680247
0.09562313982839125,56.05415262094226,1.0336118866246444
0.23160434747279934,218.97892701426326,1.4044679661643287
0.5725678914126135,-66.16076541213897,0.8930546134176688
0.2669231461235698,158.45620469971414,0.9952843421831793
0.29304242363785815,196.82916580290805,nan
0.7607263351055062,268.71127461782237,0.963832115486218
0.1750852527683096,75.79380549798333,1.7676824509549032
0.28377424872277973,185.0234098030541,nan
0.6313740502569805,-23.687816118983683,nan
0.5876268344879054,67.76526634179987,1.58172016930907
0.20997431152447443,231.13372471525406,1.5811429609952
0.4611762338960712,180.47164548465264,1.022859723218734
0.631548221989833,146.30548961834018,nan
0.013437207266530637,134.01316400837263,nan
0.797401014678918,-29.581535822898744,1.604327779877551
0.1506530618299563,186.36039080694957,nan
0.17092758780866638,124.61104873845868,nan
0.14355262045820683,128.09045697437875,1.3883297046257157
0.6057305867101974,127.5047941159114,1.1096736212179792
0.5708436676870543,25.3024767987524,nan
0.7217118289561693,258.2273164830891,nan
0.3865661536396223,190.8687156143845,1.1662593117053914
0.18846559603375457,180.0644358133835,1.0551661209999017
0.15895839620758503,112.07122915149495,nan
0.7469343000072867,-28.71886773371685,nan
0.1932471744174541,54.23265026794232,1.165171923458094
0.7250176855406841,265.87104198604356,1.3965813249145955
0.28503196706781153,196.97910896582385,1.4197820334960503
0.16762589186444687,-88.91969601736628,1.0502804531547654
0.5069845456422674,25.141538939816144,0.942194423047353
0.6500060182016218,-60.8432580415771,nan
0.39827788485334037,35.30140137467063,1.4605742442115226
0.2564992486457195,242.19732807981842,1.286485510338165
0.0481513892098665,243.56998585608193,1.338251681877562
0.24797690051328775,-54.27158734196179,nan
0.44172522902907324,248.63078233085196,nan
0.15358636402414141,58.25549170466904,2.2394818497654048
0.5705628797492991,122.80747714494284,nan
0.1519334057396301,260.40669962125185,0.8314457808939558
0.4024659965468539,268.1084222729195,nan
0.4443134448903664,49.3305525059221,0.9301664714777754
0.8240657526331533,6.670318692115416,1.5917433927612552
0.8069277348728354,193.79470175169723,1.380380268856649
0.7495142409176686,167.52496458575052,2.4205628553214615
0.731488818501042,242.83969994116018,0.8386197436053708
0.2777132941487388,125.8953433755969,1.9526114901027747
0.829266079401376,-13.660020259852146,nan
0.4034822569880954,188.35951910466812,0.9956445724591538
0.026231560633528272,111.67926827542355,0.8553508585183426
0.28525690653927205,156.39763225126725,1.1154100995353655
0.4332624604700132,191.02439072549188,1.5842414761351848
0.887406993176199,-56.16091804416931,nan
0.8351377908737934,197.07838640148765,nan
0.3321217938078467,199.8894615173772,nan
0.0037637638793557304,68.50146045087502,1.0058811463214843
0.2159288408381529,64.48317592445942,0.7926372453326584
0.38979146565566614,-38.86741387902862,nan
0.02713344142697373,44.169736693471464,1.7495390449827013
0.4460818589820456,204.4291888445036,1.087420179898336
0.380578294365944,102.22323665218762,nan
0.18407858562778995,-81.07330892244741,1.8573949595059849
0.4069811985938651,224.0329151138734,1.1879260816120163
0.21234868411092875,-41.8349312053474,nan
0.24454231550257363,71.46398847607338,1.0796728974323537
0.06705498900554474,142.30779939505572,0.9593176594777014
0.6068541270057782,219.58246493911952,1.3819307183116356
0.26459778422298047,52.07639132678176,0.9122272680507023
0.11419531873410282,232.80870180603685,1.039276868784839
0.12012822648718344,17.774787572587325,nan
0.3742064043794229,30.767792374655826,1.0778772864894564
0.1765447083694803,211.44850275345027,1.808135086967968
0.4749016692456143,213.10606219010197,nan
0.11868530882541034,128.44306609360336,nan
0.5038806317749305,103.60444361587432,1.5801701991005261
0.6184976999846226,244.66348594603738,1.669615974751765
0.7355770621188337,63.78603375880354,0.9388827511815996
0.6330135953563429,225.3499323528627,nan
0.17357940844171268,263.06336704905453,nan
0.9153150651426112,-46.56755536096663,1.5037697233998468
0.6365732886831934,211.8729857760819,nan
0.22701790325933088,173.39951842134653,nan
0.15949411581025633,139.4119308116302,1.4806081123144792
0.09670626903835494,226.41142607215022,1.2323090333854543
0.8840799198164162,-28.380232649347384,nan
0.792016066314158,208.79482495159243,nan
0.189082148731886,187.1048926591454,1.1067334934485165
0.11992845651042794,-6.64883162776664,0.9517605085944507
0.3237400091125254,-65.76718365367476,nan
0.6326793651185039,-79.53562403205159,nan
0.17537193595035067,12.290756283177075,1.1615508418691758
0.4236338553885847,216.18475861334528,1.4384249692184312
0.643755764369828,-27.142970967294744,1.4775099014598065
0.3700643990000271,-72.04359965927074,0.9902133913903337
0.9452707150507653,268.519309838653,1.0035569615036792
0.43153038579907643,-28.50622334035332,nan
0.9060059190341222,-36.97493267495116,1.4420919937505055
0.2365388929733202,214.35004392254191,1.227950670981128
0.41012476443981255,183.5920272317248,1.2374335032058696
0.7968602316254583,-26.98195820755371,nan
0.05956330080913241,156.5763537462759,nan
0.611179490351667,-23.015063931334918,2.1296480785948506
0.42738910390851065,38.938767246005625,nan
0.6042474855111719,157.15410996973299,0.8247490375024732
0.4920892536420543,234.01885455376083,nan
0.10552836511681452,-76.2488707379735,0.9316700230659505
0.5828602096782147,205.4867399918926,1.4902847336813019
0.6467049861773582,211.0400972636131,1.318980442834024
0.6354394707408458,-85.74797857872842,2.4163443692777142
0.3487571820179103,257.6534999050178,0.9741539291231509
0.36893364771996595,241.03962458717768,2.040000302355631
0.9888781788300142,-79.06667335181908,nan
0.2213671011301424,-24.32647252762311,1.0649063903286313
0.18703555573612118,246.33870741269385,0.9095242581206645
0.12517720694354706,203.33302429889747,1.210235644598732
0.35583944397717016,220.86625979552667,1.3259952667295218
0.8594721779894501,-13.332697153229514,nan
0.7154265446281673,211.9004170585504,nan
0.1517180516587574,161.118367382653,nan
0.4770220337113461,70.49745441356559,0.9383841640942023
0.26388858873825954,87.12623595970271,nan
0.6057005258570832,-38.58352194104964,nan
0.19749293528627976,131.23529552357832,1.5335245240858275
0.4952085697502363,210.6955023953563,0.9759029072727698
0.34296655504476065,-13.335033825466155,nan
0.49628478123174996,-28.776830862679333,1.57216116982036
0.44217648458260606,117.44876337714433,1.0483206029084164
0.15060986198806367,49.188152160410056,nan
0.8690015318504862,-45.03837752288536,1.0373339986788859
0.04262293771667586,192.94367513743202,1.0196553884969721
0.6205964725048627,224.19755781560264,1.5305334159725221
0.36794422654861103,-43.7074021035161,0.8870013648924971
0.258811169508228,99.45722940877812,0.9411725217998337
0.2727332967621241,7.01146861849287,nan
0.6246115357963596,256.1619434685233,0.9735887932481655
0.304301033423255,247.3814146187475,1.7569070626943872
0.6483959785876725,168.33245467983497,nan
0.6406545651385983,32.519611788165435,nan
0.626896321459913,261.7818656629112,1.5254738466438282
0.9316918647725477,263.7507213226307,1.6570697880135128
0.6305866583369867,6.579752539838637,0.9583546817179595
0.4886665030601853,48.67270524724578,nan
0.2704784389617358,262.8100944859839,nan
0.4954110044278125,44.349385827666765,1.6595193386878941
0.20228581305165752,15.638535575147698,nan
0.4605870664989749,240.48748322941665,nan
0.09057069743551943,-61.180244698989895,1.5218281352495646
0.38416163380873314,208.90749042563993,1.106382335319119
0.7793346456090516,-30.349959911808526,nan
0.8122925441338746,-26.205341687951574,nan
0.033847600971168235,214.5416304572926,1.150505124913188
0.7299289713508176,-50.446877692471034,0.9396748384700429
0.3388530958083412,34.01740609233979,nan
0.5332269374929033,8.007461069184515,nan
0.006608983586578986,130.5956919555542,1.107624531337898
0.3944725837357264,247.52747944183986,1.688921137937319
0.03984197679138857,-32.169224813443776,1.380550969262293
0.49918207311210033,101.94575001362813,1.05869923261552
0.032277850843768274,261.31821444631555,1.0060910973780415
0.4442032366543226,106.33740541400307,nan
0.9658407783981939,-71.83013914114017,1.4011780334918327
0.13909851485058689,179.93180544956346,1.3129286618414968
0.45354604469470033,216.8317838178068,1.4745273358915398
0.36062247555985244,73.76277520372692,nan
0.04124599155486941,-83.88991925019624,nan
0.22306782488469512,-22.78928024226102,1.9214373506775253
0.30689636806272386,106.05666550789925,nan
0.25135486935813955,91.15108241660312,0.7855699664855019
0.3952124375878198,129.22692450832733,nan
0.6040830074549258,-10.25918883436942,0.9346584374357075
0.5010713111885349,-14.989987489556825,1.5216517307476376
0.9642948661444846,240.61077318555715,1.3862521784218953
0.46562438917239324,53.022566579485925,2.3777988335898996
0.6374895095660156,-53.77681735676302,0.9812648949015946
0.280644550473848,157.2335127791175,2.1987995986855817
0.5260107576774768,20.89863125207216,nan
0.18485467987076842,108.8411715972438,1.0747266386448888
0.5680461411752917,156.54898739972774,0.8506729946703976
0.674161436607357,-78.23216571303644,1.1939341728339714
0.2659994430168331,84.39943758332895,1.4318205016147882
0.06905254970558561,129.6164153799012,nan
0.5764953651801443,206.3386448646047,nan
0.15220187017622677,222.21165743322567,nan
0.6341918109279046,0.5922905203601943,0.8866300361107832
0.46454105328825224,-25.376871542083734,nan
0.05891400552326246,97.8635914355167,nan
0.00516233106941337,186.45880211800005,1.57034753752371
0.5913456907900616,251.15286682533912,1.0273687865630663
0.08289718659342094,12.558141217773112,nan
0.5597012462439529,-22.674244964556635,1.8106581548294234
0.2231778737933079,140.82618832940068,0.9580940168805181
0.34244477076661994,36.554845557245365,nan
0.7792316491962596,-25.783904553822993,1.0169563240367694
0.4971247846960318,143.4832399502056,1.1519010740878692
0.27316357975878164,221.8885429957796,1.5748626785426068
0.10956821345536732,17.770279169395593,0.9053904404839909
0.2813083484234367,-26.482226752296377,0.8865456008573116
0.13409210304580876,-69.07177090160917,nan
0.6061501815529426,-9.815635010691114,1.0266342722922055
0.036924731953699275,192.0727665561307,1.9187903340298123
0.6271226133004133,172.3392844791717,nan
0.6638243711583521,0.159457038115022,nan
0.20645194253651514,45.49141411042535,1.6129323012868524
0.4097852030253503,147.77778040455462,1.6225434401849845
0.31895970083574393,-45.1203779742007,0.9890783459883364
0.04544712271042384,133.11915963281402,nan
0.2869341115466898,-13.465379219485186,nan
0.30853733285877644,85.21325875608485,1.5529502757846343
0.042875911538897526,246.5698691923656,nan
0.23118632083985138,93.8193393381229,nan
0.23757358168467554,187.19749901158318,1.5169573524245181
0.1811066492486686,194.1692368612772,1.0026004424437112
0.10279464208728305,45.415339666122264,nan
0.648303991946251,126.87104446661095,nan
0.7321823557603461,-14.287851192167523,1.131522574582682
0.22463736646573307,267.4896502884288,0.8729909673601876
0.5056696808051083,50.758250414979415,nan
0.02703213549144029,229.04725280782105,nan
0.0974167848538113,131.68835124500396,1.3164059807848763
0.7443586512376517,208.21628994056056,1.3569665955135581
0.9425041153845468,-85.3677313500936,1.5064291066704385
0.6716074070654326,-52.12157320511052,1.1062645713476427
0.1879301774499072,267.25444849648807,0.8526995335443374
0.4516541375696126,-14.720791666819224,nan
0.5967716748927049,24.16884152928526,1.3396266778458406
0.5661138215765902,190.57940524248,1.2568859219797908
0.18496908060713046,198.79338303949118,1.218692184058447
0.30501952999634074,151.28912439668335,nan
0.008336215397163942,-34.404113824936275,nan
0.4057782525948692,99.57342979681442,1.9726282607987498
0.4526125339655134,-4.330460803694905,nan
0.2760556602539335,148.32405870730403,0.8234044212332537
0.5219296800088884,-32.97944768910838,nan
0.6466545974930874,-18.830358368127378,0.9825411393640283
0.4056604987626095,-10.1106704763733,1.4345853647788314
0.5536072870686316,182.96408841408507,1.3627329450027614
0.582491520940333,28.590987870285147,2.3434272746755918
0.04651236206487977,108.5205975283714,1.095651809067286
0.5428580922256091,-57.493173846017946,1.9511196145740963
0.6881446764263727,180.6903018493801,nan
0.08494514656146274,232.23780822382514,0.9647778980996911
0.2535462735239877,254.27393200945863,0.8776711579429919
0.3215526450540505,72.12585726356659,1.1677628128657023
0.3316606270101585,98.37872410313446,1.443511876101804
0.4069706088039198,-88.74514595789287,nan
0.6737418439956613,195.51009145161703,nan
0.6753505512510072,-44.26542125111547,nan
0.2346629123176448,205.13416794216892,0.8907320454055906
0.12843022150801287,124.05017485142669,nan
0.7948566890965236,240.1361610127679,nan
0.09784040057928683,86.75247256603674,1.7061085717726139
0.6840318673485796,265.32419032140047,1.092773652532515
0.6891830908953218,-42.10956579817808,nan
0.9013900235315109,-84.46644210196825,1.710499534077183
0.1549599058763747,191.21541430940454,1.0481497623948963
0.4209971775912562,-82.44804682746647,nan
0.4038390251075658,55.04677177318155,1.0681284822091954
0.5234542485032232,204.1661660768979,0.982802035956711
0.3306564199437445,170.61701238194973,1.3905772343048166
0.4736632243818337,196.48825538834987,0.8145553390280105
0.05680736401884609,-61.34073143918283,0.9732103749313583
0.914812626235316,-35.10798443330589,nan
0.5165403874777159,167.71312737247825,0.9556095010729143
0.5698600278030508,-45.352106004696246,1.7092121716792528
0.31795017628197586,-38.5170847606974,nan
0.30200558163690605,85.23890957619986,nan
0.038629308350354774,86.61229825513047,1.655621342034141
0.732828037468861,181.49951307878044,1.8019064513113126
0.10770645023374012,-20.771844019972903,0.9921532372379877
0.6241100658615386,171.84216625353577,nan
0.2682691970238635,-8.415973057193554,nan
0.9265278850693398,223.37734659588358,1.3948710092142953
0.38912696500315136,195.61948720638614,nan
0.1948921087605573,268.54782311370104,nan
0.6920731656421265,-35.699520762908406,1.3665065726311019
0.29991758125112566,138.9090282536373,1.0589187741233368
0.3733458709559194,-56.65013721906922,nan
0.8448075666671635,239.00204660089082,nan
0.8144138512720646,-36.13280899091274,1.1915446911241618
0.2444365175363868,173.0688411730083,0.9099576830112616
0.49687957049401876,234.56614585143757,nan
0.2962268323609309,167.99352261768533,nan
0.10830583224314372,84.33882090564983,1.1902831880316935
0.8396811513618971,207.21058656894405,1.5065336080970702
0.25255783269646037,146.6713717133644,1.5161382986734475
0.8745541852445329,-66.22560491353966,1.047283294301326
0.1183239997426163,132.02130557278957,0.8939378483119571
0.6613289611669136,-87.56708153946573,nan
0.6218514256131107,141.61434069151133,1.4891964417806591
0.6904039200925045,166.45700337781986,1.293807930375499
0.4354537932132631,256.3458257285671,1.3689542202983638
0.38147701952404417,82.68544192896167,nan
0.15098055140316602,170.53102562276143,nan
0.6188899808396312,145.06017280608717,2.096257365444352
0.1332385190901151,114.84791041960337,nan
0.6826982281326277,-59.188085465973245,0.7771657110971741
0.22459181230467515,59.67951718776614,nan
0.3831663956532392,125.80038440667423,0.976439194024239
0.122751505567682,68.00813422544772,1.4896487105294707
0.10736856639568876,101.19860667805719,1.2598489428525608
0.204697241478852,32.437281135559736,2.2835512633818165
0.25703347324852116,266.4597205907596,0.8885467836387339
0.06064356992558295,-65.29576348880599,1.8796539232245895
0.5248650661141734,223.6718963773707,nan
0.08464849438799249,143.25879794034668,1.005754596243545
0.4921613708382882,211.02273698410488,0.8583457822650004
0.6063808452612445,-16.902437463317995,1.174188729024771
0.435527613414679,14.950268251220344,1.3442138802976946
0.9493718847678476,-80.30967976214635,nan
0.7523527942852613,188.69335225246763,nan
0.761653713487958,-33.70315837570095,nan
0.018932259972046395,157.78727654937742,0.9311852264407743
0.504822820153283,106.73370430630837,nan
0.4048518146890302,75.75537324764082,nan
0.3873202803519875,247.35750741562313,1.5925850226946012
0.983615238546548,228.87099195924043,1.0581122485602141
0.7363635327947197,-15.16889862485337,nan
0.41132818135433913,-50.137833506836564,1.7826567988229907
0.5130235378742745,237.6720592521709,0.9975951781545092
0.6512725021912352,-66.32167994882064,nan
0.47267331241518185,154.96429773850318,1.054787574583462
0.8758544715653303,174.1387177013598,1.0351724114212475
0.4999949168959465,179.904926636653,1.8019604733734396
0.10550741142008696,34.59495853136495,1.022045747551016
0.5934426176710691,240.62056035526552,0.9121586949001215
0.6255545482945428,191.52952973208528,nan
0.18235542364578655,144.74474966616626,0.972652654968711
0.9832778465040839,-73.21488153555369,1.7349980256213149
0.3953625241787296,126.91997194365408,nan
0.5400423114626853,11.630388519707926,nan
0.12610933738644456,-19.289040778011554,1.6136710151880698
0.18380724095534023,178.3576083942082,1.5026319129132375
0.17301741564302775,64.0115470733534,0.9585005584166059
0.5326375970985356,176.59548876062217,nan
0.036340350024761214,-64.07904464851008,nan
0.3865092207252724,223.6579317072692,1.5146079421509189
0.07212278383156018,268.8650851011691,nan
0.48151025552232074,217.86909989120034,nan
0.5557740683047232,-4.666873429723651,1.3952694969580632
0.597945933261255,-50.40518887730852,1.0956843044712912
0.6032233814946264,0.7604836974775466,nan
0.5151771945817769,263.3143114015583,nan
0.5082095088621109,78.88942082828262,1.169397387498647
0.23046267899840225,25.439350719856385,1.023629372652833
0.2713463654938064,167.57084650019834,nan
0.1454965023930732,-23.938649431638055,nan
0.363741236359403,122.1364011878348,1.2108687141853978
0.9115540172791818,212.504242091093,1.4743718539324389
0.6518453390250283,-30.59265924111071,1.511193384068881
0.741870532055478,-38.27231956047094,1.0814965579387268
0.42765098246660005,152.28437330585848,0.9118245747335071
0.2887994310621957,-85.38515440567222,nan
0.5536494151647152,-20.295407557974862,1.5045394493576494
0.910052439117328,267.9138682186839,1.275999944005824
0.8666612088337557,209.5583467271365,1.4580005865957228
0.24457949456451455,-18.867288414110853,nan
0.31910822287545937,151.20964171210935,nan
0.3541886143547439,158.96597578284764,1.9590351999252484
0.35013064561372775,147.81826318800614,nan
0.8453974358775485,-22.93832103876889,0.7310445744527884
0.12439977221668341,254.74017645840144,nan
0.7601712444223239,-88.83391452872786,0.863655440467173
0.06331866665017905,174.51176460507656,1.7062781708474208
0.1367802481208415,230.24885566534087,1.3811642075627146
0.012887572330853803,135.5887920739079,2.5166675312876263
0.04595580960244139,194.21726143375264,0.9021661757043326
0.08308436299187762,180.6168787326647,2.1601691549557462
0.8402371384623372,240.86833548589013,nan
0.16185285001662048,236.83154835305297,1.086167634674323
0.5476920373849525,207.6830145060261,0.9986647286445296
0.43976461276615786,11.607775154050557,1.0588853190870438
0.9212078798849501,-57.97495746032831,1.223700078204315
0.58276631574913,-14.519641516462116,nan
0.4485811134583128,184.6944755091073,nan
0.3910036100046455,119.27882082329555,nan
0.33728395403008055,188.61734635984214,0.8898012282622654
0.27539775232622987,63.35841063333919,nan
0.04775844738457871,-70.71297960848595,nan
0.31540632083533593,191.8803776645993,1.5904898957942906
0.510908047700295,136.70039741269522,0.9318961949257888
0.04063415589698144,36.23205473359783,nan
0.5161384251369947,-37.70015835847715,1.6574416598561974
0.4149533955467501,46.70629922470012,0.846040086809808
0.5290489548017523,-0.026497230439176178,nan
0.1846150386422822,-11.749802227279417,1.0685589134777405
0.9326950881760452,211.35155479135523,1.0148030245300437
0.5077022037779009,127.90463667418442,1.5861753630122049
0.15648896583479383,-67.96459647946986,0.8774119910529178
0.15192900215566757,149.83805835789295,0.994235065380318
0.3724623217501376,212.76201190656556,nan
0.6223088006119866,235.83144827134018,1.0023339928080504
0.6271605039765552,8.103468351656314,1.8487587376416472
0.4115104556773238,232.81477185236497,nan
